iw_n,G_iw_n
-1150.8701087650609j,"[[-1.11797186e-08+8.68896132e-04j -2.19351860e-06-5.64464927e-11j]
 [-2.19873186e-06-5.65861254e-11j -1.14206424e-08+8.68896129e-04j]]"
-1148.7757136626676j,"[[-1.10479820e-08+8.70480284e-04j -2.20129578e-06-5.47539890e-11j]
 [-2.20652806e-06-5.48943868e-11j -1.16373122e-08+8.70480282e-04j]]"
-1146.6813185602743j,"[[-1.11338228e-08+8.72070239e-04j -2.20911310e-06-5.75620152e-11j]
 [-2.21436452e-06-5.77031836e-11j -1.16295880e-08+8.72070240e-04j]]"
-1144.5869234578813j,"[[-1.11787147e-08+8.73665787e-04j -2.21722000e-06-6.11545435e-11j]
 [-2.22249066e-06-6.12964884e-11j -1.16672643e-08+8.73665786e-04j]]"
-1142.492528355488j,"[[-1.11037212e-08+8.75267322e-04j -2.22552095e-06-6.19162159e-11j]
 [-2.23081095e-06-6.20589428e-11j -1.18266572e-08+8.75267317e-04j]]"
-1140.398133253095j,"[[-1.10324608e-08+8.76874654e-04j -2.23374495e-06-5.83881107e-11j]
 [-2.23905440e-06-5.85316255e-11j -1.19812962e-08+8.76874652e-04j]]"
-1138.3037381507017j,"[[-1.11027780e-08+8.78487915e-04j -2.24179040e-06-5.80258151e-11j]
 [-2.24711940e-06-5.81701234e-11j -1.19935149e-08+8.78487914e-04j]]"
-1136.2093430483085j,"[[-1.10279734e-08+8.80106931e-04j -2.24991441e-06-6.01367704e-11j]
 [-2.25526307e-06-6.02818783e-11j -1.21514048e-08+8.80106928e-04j]]"
-1134.1149479459152j,"[[-1.11158893e-08+8.81732136e-04j -2.25813785e-06-5.99395133e-11j]
 [-2.26350629e-06-6.00854266e-11j -1.21579643e-08+8.81732139e-04j]]"
-1132.0205528435222j,"[[-1.12472574e-08+8.83363378e-04j -2.26641222e-06-6.25538029e-11j]
 [-2.27180054e-06-6.27005276e-11j -1.21095699e-08+8.83363376e-04j]]"
-1129.926157741129j,"[[-1.12185126e-08+8.85000680e-04j -2.27501825e-06-6.59973876e-11j]
 [-2.28042656e-06-6.61449296e-11j -1.22282923e-08+8.85000685e-04j]]"
-1127.8317626387357j,"[[-1.15068081e-08+8.86644178e-04j -2.28359753e-06-6.27713081e-11j]
 [-2.28902595e-06-6.29196736e-11j -1.20232349e-08+8.86644184e-04j]]"
-1125.7373675363426j,"[[-1.17709814e-08+8.88293564e-04j -2.29213701e-06-6.38311301e-11j]
 [-2.29758565e-06-6.39803253e-11j -1.18464123e-08+8.88293565e-04j]]"
-1123.6429724339494j,"[[-1.16887263e-08+8.89949214e-04j -2.30063176e-06-6.01515911e-11j]
 [-2.30610073e-06-6.03016221e-11j -1.20168241e-08+8.89949211e-04j]]"
-1121.548577331556j,"[[-1.16794453e-08+8.91610985e-04j -2.30894964e-06-6.16073567e-11j]
 [-2.31443905e-06-6.17582298e-11j -1.21179743e-08+8.91610988e-04j]]"
-1119.4541822291628j,"[[-1.19380331e-08+8.93279161e-04j -2.31756261e-06-6.30950345e-11j]
 [-2.32307258e-06-6.32467560e-11j -1.19482657e-08+8.93279167e-04j]]"
-1117.3597871267698j,"[[-1.21490856e-08+8.94953425e-04j -2.32617614e-06-6.43561419e-11j]
 [-2.33170678e-06-6.45087182e-11j -1.18236359e-08+8.94953428e-04j]]"
-1115.2653920243765j,"[[-1.23699018e-08+8.96634178e-04j -2.33502598e-06-6.69691114e-11j]
 [-2.34057742e-06-6.71225489e-11j -1.17055543e-08+8.96634182e-04j]]"
-1113.1709969219835j,"[[-1.25997705e-08+8.98321353e-04j -2.34410971e-06-6.86575809e-11j]
 [-2.34968206e-06-6.88118861e-11j -1.15550998e-08+8.98321356e-04j]]"
-1111.0766018195902j,"[[-1.25577275e-08+9.00014559e-04j -2.35311654e-06-6.70322867e-11j]
 [-2.35870991e-06-6.71874661e-11j -1.16846821e-08+9.00014550e-04j]]"
-1108.982206717197j,"[[-1.20875019e-08+9.01714053e-04j -2.36215838e-06-6.73155784e-11j]
 [-2.36777290e-06-6.74716386e-11j -1.22451976e-08+9.01714043e-04j]]"
-1106.8878116148037j,"[[-1.19835830e-08+9.03420025e-04j -2.37126581e-06-6.82326642e-11j]
 [-2.37690160e-06-6.83896120e-11j -1.24482720e-08+9.03420024e-04j]]"
-1104.7934165124104j,"[[-1.20620703e-08+9.05132718e-04j -2.38037625e-06-6.75388998e-11j]
 [-2.38603343e-06-6.76967420e-11j -1.24637074e-08+9.05132719e-04j]]"
-1102.6990214100174j,"[[-1.20383529e-08+9.06851932e-04j -2.38957333e-06-6.77805508e-11j]
 [-2.39525201e-06-6.79392939e-11j -1.25781400e-08+9.06851926e-04j]]"
-1100.6046263076241j,"[[-1.19519978e-08+9.08577500e-04j -2.39871254e-06-6.56746908e-11j]
 [-2.40441286e-06-6.58343419e-11j -1.27619345e-08+9.08577497e-04j]]"
-1098.510231205231j,"[[-1.19696037e-08+9.10309988e-04j -2.40758964e-06-6.29249377e-11j]
 [-2.41331171e-06-6.30855037e-11j -1.28375126e-08+9.10309989e-04j]]"
-1096.4158361028378j,"[[-1.21802124e-08+9.12048691e-04j -2.41662654e-06-6.72967816e-11j]
 [-2.42237050e-06-6.74582695e-11j -1.27116550e-08+9.12048700e-04j]]"
-1094.3214410004446j,"[[-1.24767815e-08+9.13793991e-04j -2.42610445e-06-7.30281413e-11j]
 [-2.43187042e-06-7.31905583e-11j -1.25179826e-08+9.13793991e-04j]]"
-1092.2270458980513j,"[[-1.23528004e-08+9.15546093e-04j -2.43575984e-06-7.13329957e-11j]
 [-2.44154793e-06-7.14963488e-11j -1.27332997e-08+9.15546091e-04j]]"
-1090.1326507956583j,"[[-1.22362984e-08+9.17304816e-04j -2.44531492e-06-7.09223150e-11j]
 [-2.45112528e-06-7.10866114e-11j -1.29473141e-08+9.17304815e-04j]]"
-1088.038255693265j,"[[-1.23269249e-08+9.19070599e-04j -2.45484886e-06-7.09471884e-11j]
 [-2.46068161e-06-7.11124354e-11j -1.29641383e-08+9.19070599e-04j]]"
-1085.943860590872j,"[[-1.23733489e-08+9.20843400e-04j -2.46448156e-06-7.12085142e-11j]
 [-2.47033683e-06-7.13747191e-11j -1.30135450e-08+9.20843401e-04j]]"
-1083.8494654884787j,"[[-1.25120342e-08+9.22622821e-04j -2.47412608e-06-7.20202164e-11j]
 [-2.48000400e-06-7.21873867e-11j -1.29692665e-08+9.22622824e-04j]]"
-1081.7550703860854j,"[[-1.25368326e-08+9.24408928e-04j -2.48386582e-06-7.31702625e-11j]
 [-2.48976652e-06-7.33384057e-11j -1.30329729e-08+9.24408926e-04j]]"
-1079.6606752836922j,"[[-1.24388399e-08+9.26201878e-04j -2.49363646e-06-6.98646139e-11j]
 [-2.49956008e-06-7.00337375e-11j -1.32407542e-08+9.26201871e-04j]]"
-1077.566280181299j,"[[-1.23012987e-08+9.28002260e-04j -2.50320792e-06-7.06388108e-11j]
 [-2.50915459e-06-7.08089224e-11j -1.34840685e-08+9.28002260e-04j]]"
-1075.4718850789059j,"[[-1.25160358e-08+9.29809612e-04j -2.51297597e-06-7.25452446e-11j]
 [-2.51894582e-06-7.27163520e-11j -1.33631133e-08+9.29809614e-04j]]"
-1073.3774899765126j,"[[-1.24188227e-08+9.31623842e-04j -2.52276551e-06-6.96689308e-11j]
 [-2.52875869e-06-6.98410417e-11j -1.35635023e-08+9.31623839e-04j]]"
-1071.2830948741196j,"[[-1.24876810e-08+9.33445153e-04j -2.53236431e-06-6.98531188e-11j]
 [-2.53838093e-06-7.00262412e-11j -1.35905637e-08+9.33445157e-04j]]"
-1069.1886997717263j,"[[-1.26301694e-08+9.35273283e-04j -2.54220555e-06-7.33184466e-11j]
 [-2.54824578e-06-7.34925884e-11j -1.35437684e-08+9.35273282e-04j]]"
-1067.094304669333j,"[[-1.26335808e-08+9.37108834e-04j -2.55229984e-06-7.54981438e-11j]
 [-2.55836380e-06-7.56733130e-11j -1.36526224e-08+9.37108836e-04j]]"
-1064.9999095669398j,"[[-1.27556541e-08+9.38951569e-04j -2.56246023e-06-7.36335385e-11j]
 [-2.56854806e-06-7.38097432e-11j -1.36351173e-08+9.38951572e-04j]]"
-1062.9055144645467j,"[[-1.28345059e-08+9.40801756e-04j -2.57247193e-06-7.28831781e-11j]
 [-2.57858377e-06-7.30604264e-11j -1.36631852e-08+9.40801754e-04j]]"
-1060.8111193621535j,"[[-1.28297739e-08+9.42659266e-04j -2.58233618e-06-6.94395209e-11j]
 [-2.58847218e-06-6.96178211e-11j -1.37712878e-08+9.42659267e-04j]]"
-1058.7167242597602j,"[[-1.30191595e-08+9.44524236e-04j -2.59225471e-06-7.25576176e-11j]
 [-2.59841501e-06-7.27369781e-11j -1.36906772e-08+9.44524239e-04j]]"
-1056.6223291573672j,"[[-1.30630131e-08+9.46396447e-04j -2.60231451e-06-7.22796448e-11j]
 [-2.60849925e-06-7.24600738e-11j -1.37453784e-08+9.46396444e-04j]]"
-1054.527934054974j,"[[-1.29159191e-08+9.48275894e-04j -2.61244912e-06-7.50583674e-11j]
 [-2.61865847e-06-7.52398737e-11j -1.39943005e-08+9.48275891e-04j]]"
-1052.4335389525806j,"[[-1.30139283e-08+9.50162592e-04j -2.62284691e-06-7.66884698e-11j]
 [-2.62908099e-06-7.68710619e-11j -1.40027024e-08+9.50162597e-04j]]"
-1050.3391438501874j,"[[-1.32606478e-08+9.52057041e-04j -2.63335534e-06-7.87574790e-11j]
 [-2.63961430e-06-7.89411655e-11j -1.38713469e-08+9.52057041e-04j]]"
-1048.2447487477943j,"[[-1.32684597e-08+9.53959171e-04j -2.64384995e-06-7.55659668e-11j]
 [-2.65013395e-06-7.57507566e-11j -1.39715709e-08+9.53959174e-04j]]"
-1046.150353645401j,"[[-1.35249821e-08+9.55869034e-04j -2.65421753e-06-7.42467420e-11j]
 [-2.66052672e-06-7.44326438e-11j -1.38279468e-08+9.55869040e-04j]]"
-1044.055958543008j,"[[-1.38809517e-08+9.57786424e-04j -2.66460229e-06-7.57397872e-11j]
 [-2.67093681e-06-7.59268101e-11j -1.35779647e-08+9.57786428e-04j]]"
-1041.9615634406148j,"[[-1.37626937e-08+9.59711604e-04j -2.67512200e-06-7.73104030e-11j]
 [-2.68148201e-06-7.74985559e-11j -1.38059240e-08+9.59711597e-04j]]"
-1039.8671683382215j,"[[-1.35667754e-08+9.61644258e-04j -2.68588157e-06-8.20596751e-11j]
 [-2.69226723e-06-8.22489672e-11j -1.41074607e-08+9.61644255e-04j]]"
-1037.7727732358283j,"[[-1.35809926e-08+9.63584860e-04j -2.69695743e-06-8.32710631e-11j]
 [-2.70336889e-06-8.34615036e-11j -1.42125531e-08+9.63584860e-04j]]"
-1035.678378133435j,"[[-1.36550933e-08+9.65533542e-04j -2.70801248e-06-8.12587193e-11j]
 [-2.71444990e-06-8.14503174e-11j -1.42559022e-08+9.65533539e-04j]]"
-1033.583983031042j,"[[-1.34923357e-08+9.67490403e-04j -2.71891513e-06-7.89357583e-11j]
 [-2.72537866e-06-7.91285235e-11j -1.45390434e-08+9.67490397e-04j]]"
-1031.4895879286487j,"[[-1.35054962e-08+9.69455113e-04j -2.72966215e-06-7.65204992e-11j]
 [-2.73615196e-06-7.67144410e-11j -1.46252065e-08+9.69455115e-04j]]"
-1029.3951928262557j,"[[-1.36291065e-08+9.71427234e-04j -2.74058850e-06-8.19449528e-11j]
 [-2.74710474e-06-8.21400807e-11j -1.46123910e-08+9.71427237e-04j]]"
-1027.3007977238624j,"[[-1.37639051e-08+9.73407810e-04j -2.75175615e-06-8.07859853e-11j]
 [-2.75829899e-06-8.09823092e-11j -1.46054713e-08+9.73407811e-04j]]"
-1025.2064026214691j,"[[-1.38794212e-08+9.75396463e-04j -2.76298949e-06-8.43811706e-11j]
 [-2.76955909e-06-8.45787001e-11j -1.45976403e-08+9.75396462e-04j]]"
-1023.112007519076j,"[[-1.37383676e-08+9.77392978e-04j -2.77445258e-06-8.48264586e-11j]
 [-2.78104910e-06-8.50252037e-11j -1.48541752e-08+9.77392971e-04j]]"
-1021.0176124166828j,"[[-1.38602659e-08+9.79397844e-04j -2.78578104e-06-8.07086931e-11j]
 [-2.79240465e-06-8.09086637e-11j -1.48516070e-08+9.79397852e-04j]]"
-1018.9232173142896j,"[[-1.42361249e-08+9.81410689e-04j -2.79714546e-06-8.47708195e-11j]
 [-2.80379633e-06-8.49720258e-11j -1.45892150e-08+9.81410693e-04j]]"
-1016.8288222118964j,"[[-1.40863677e-08+9.83432119e-04j -2.80856731e-06-8.09174985e-11j]
 [-2.81524561e-06-8.11199506e-11j -1.48718737e-08+9.83432111e-04j]]"
-1014.7344271095031j,"[[-1.39270587e-08+9.85462246e-04j -2.81968836e-06-7.67927699e-11j]
 [-2.82639425e-06-7.69964782e-11j -1.51448345e-08+9.85462244e-04j]]"
-1012.6400320071099j,"[[-1.42139668e-08+9.87500144e-04j -2.83103855e-06-8.65753607e-11j]
 [-2.83777221e-06-8.67803356e-11j -1.49689795e-08+9.87500157e-04j]]"
-1010.5456369047168j,"[[-1.47080977e-08+9.89546771e-04j -2.84317329e-06-9.22568767e-11j]
 [-2.84993489e-06-9.24631286e-11j -1.46086766e-08+9.89546778e-04j]]"
-1008.4512418023236j,"[[-1.47481029e-08+9.91601936e-04j -2.85542521e-06-9.19603698e-11j]
 [-2.86221492e-06-9.21679095e-11j -1.46826063e-08+9.91601927e-04j]]"
-1006.3568466999304j,"[[-1.44282160e-08+9.93665234e-04j -2.86767146e-06-8.99748804e-11j]
 [-2.87448946e-06-9.01837185e-11j -1.51166766e-08+9.93665228e-04j]]"
-1004.2624515975372j,"[[-1.44144978e-08+9.95736918e-04j -2.87982928e-06-9.12091392e-11j]
 [-2.88667575e-06-9.14192868e-11j -1.52511324e-08+9.95736919e-04j]]"
-1002.168056495144j,"[[-1.46176567e-08+9.97817615e-04j -2.89206612e-06-9.00038518e-11j]
 [-2.89894124e-06-9.02153197e-11j -1.51875737e-08+9.97817619e-04j]]"
-1000.0736613927508j,"[[-1.47234322e-08+9.99907282e-04j -2.90426413e-06-8.91981711e-11j]
 [-2.91116807e-06-8.94109704e-11j -1.51986543e-08+9.99907280e-04j]]"
-997.9792662903577j,"[[-1.46376708e-08+1.00200524e-03j -2.91661836e-06-9.42220720e-11j]
 [-2.92355131e-06-9.44362139e-11j -1.54067518e-08+1.00200524e-03j]]"
-995.8848711879644j,"[[-1.48002835e-08+1.00411234e-03j -2.92914022e-06-9.18965727e-11j]
 [-2.93610237e-06-9.21120685e-11j -1.53853725e-08+1.00411235e-03j]]"
-993.7904760855712j,"[[-1.50552438e-08+1.00622888e-03j -2.94148140e-06-9.03880175e-11j]
 [-2.94847292e-06-9.06048786e-11j -1.52604744e-08+1.00622888e-03j]]"
-991.696080983178j,"[[-1.50861478e-08+1.00835408e-03j -2.95399382e-06-9.35762770e-11j]
 [-2.96101490e-06-9.37945149e-11j -1.53499871e-08+1.00835408e-03j]]"
-989.6016858807848j,"[[-1.50400436e-08+1.01048813e-03j -2.96665145e-06-9.47677427e-11j]
 [-2.97370228e-06-9.49873692e-11j -1.55252176e-08+1.01048813e-03j]]"
-987.5072907783916j,"[[-1.49635441e-08+1.01263133e-03j -2.97932225e-06-9.13734074e-11j]
 [-2.98640302e-06-9.15944342e-11j -1.57288352e-08+1.01263132e-03j]]"
-985.4128956759984j,"[[-1.48167668e-08+1.01478336e-03j -2.99178842e-06-9.08928630e-11j]
 [-2.99889933e-06-9.11153022e-11j -1.60019673e-08+1.01478336e-03j]]"
-983.3185005736053j,"[[-1.51365466e-08+1.01694434e-03j -3.00452652e-06-9.76400885e-11j]
 [-3.01166774e-06-9.78639521e-11j -1.58147425e-08+1.01694435e-03j]]"
-981.224105471212j,"[[-1.50871712e-08+1.01911488e-03j -3.01782818e-06-1.02210837e-10j]
 [-3.02499992e-06-1.02436137e-10j -1.60001140e-08+1.01911487e-03j]]"
-979.1297103688189j,"[[-1.50480121e-08+1.02129462e-03j -3.03114854e-06-9.94946894e-11j]
 [-3.03835100e-06-9.97214384e-11j -1.61703705e-08+1.02129462e-03j]]"
-977.0353152664256j,"[[-1.50991414e-08+1.02348374e-03j -3.04438618e-06-9.76385620e-11j]
 [-3.05161955e-06-9.78667724e-11j -1.62578556e-08+1.02348374e-03j]]"
-974.9409201640325j,"[[-1.53818393e-08+1.02568249e-03j -3.05742239e-06-9.56706258e-11j]
 [-3.06468687e-06-9.59003100e-11j -1.61160350e-08+1.02568250e-03j]]"
-972.8465250616392j,"[[-1.56813473e-08+1.02789100e-03j -3.07046213e-06-9.40995689e-11j]
 [-3.07775792e-06-9.43307397e-11j -1.59553862e-08+1.02789100e-03j]]"
-970.752129959246j,"[[-1.56033416e-08+1.03010871e-03j -3.08349482e-06-9.31903339e-11j]
 [-3.09082213e-06-9.34230041e-11j -1.61578118e-08+1.03010870e-03j]]"
-968.6577348568529j,"[[-1.55376035e-08+1.03233574e-03j -3.09641074e-06-9.44234666e-11j]
 [-3.10376977e-06-9.46576493e-11j -1.63590203e-08+1.03233574e-03j]]"
-966.5633397544597j,"[[-1.58215921e-08+1.03457270e-03j -3.10974759e-06-9.95719408e-11j]
 [-3.11713854e-06-9.98076491e-11j -1.62218605e-08+1.03457271e-03j]]"
-964.4689446520665j,"[[-1.58020325e-08+1.03681927e-03j -3.12332301e-06-1.00564957e-10j]
 [-3.13074610e-06-1.00802205e-10j -1.63724782e-08+1.03681926e-03j]]"
-962.3745495496732j,"[[-1.56197190e-08+1.03907546e-03j -3.13691753e-06-1.00388878e-10j]
 [-3.14437297e-06-1.00627677e-10j -1.66978927e-08+1.03907545e-03j]]"
-960.2801544472801j,"[[-1.51749547e-08+1.04134180e-03j -3.15078810e-06-1.05547987e-10j]
 [-3.15827609e-06-1.05788353e-10j -1.72905702e-08+1.04134179e-03j]]"
-958.1857593448868j,"[[-1.53561158e-08+1.04361819e-03j -3.16480382e-06-1.01769089e-10j]
 [-3.17232458e-06-1.02011034e-10j -1.72489395e-08+1.04361819e-03j]]"
-956.0913642424938j,"[[-1.55049527e-08+1.04590414e-03j -3.17869945e-06-1.01841570e-10j]
 [-3.18625319e-06-1.02085108e-10j -1.72354661e-08+1.04590415e-03j]]"
-953.9969691401005j,"[[-1.58649583e-08+1.04820024e-03j -3.19267495e-06-1.03296718e-10j]
 [-3.20026190e-06-1.03541864e-10j -1.70226988e-08+1.04820024e-03j]]"
-951.9025740377074j,"[[-1.59310480e-08+1.05050637e-03j -3.20675855e-06-1.02635124e-10j]
 [-3.21437892e-06-1.02881892e-10j -1.70941154e-08+1.05050638e-03j]]"
-949.8081789353141j,"[[-1.60497704e-08+1.05282240e-03j -3.22089141e-06-1.07043083e-10j]
 [-3.22854543e-06-1.07291487e-10j -1.71237488e-08+1.05282240e-03j]]"
-947.7137838329209j,"[[-1.58219298e-08+1.05514887e-03j -3.23554119e-06-1.09006663e-10j]
 [-3.24322907e-06-1.09256717e-10j -1.75043548e-08+1.05514886e-03j]]"
-945.6193887305277j,"[[-1.57546942e-08+1.05748596e-03j -3.24964185e-06-9.63646760e-11j]
 [-3.25736382e-06-9.66163953e-11j -1.77272669e-08+1.05748596e-03j]]"
-943.5249936281344j,"[[-1.58578727e-08+1.05983356e-03j -3.26342544e-06-1.01145542e-10j]
 [-3.27118173e-06-1.01398941e-10j -1.77685746e-08+1.05983356e-03j]]"
-941.4305985257414j,"[[-1.59222439e-08+1.06219112e-03j -3.27790788e-06-1.10938875e-10j]
 [-3.28569872e-06-1.11193969e-10j -1.78355213e-08+1.06219112e-03j]]"
-939.3362034233481j,"[[-1.60379543e-08+1.06455892e-03j -3.29303687e-06-1.14002596e-10j]
 [-3.30086249e-06-1.14259401e-10j -1.78812453e-08+1.06455892e-03j]]"
-937.241808320955j,"[[-1.60852377e-08+1.06693778e-03j -3.30787962e-06-1.04821704e-10j]
 [-3.31574026e-06-1.05080234e-10j -1.79871031e-08+1.06693777e-03j]]"
-935.1474132185617j,"[[-1.62049031e-08+1.06932709e-03j -3.32282237e-06-1.17838863e-10j]
 [-3.33071825e-06-1.18099134e-10j -1.80188232e-08+1.06932709e-03j]]"
-933.0530181161686j,"[[-1.66488300e-08+1.07172705e-03j -3.33842211e-06-1.14830160e-10j]
 [-3.34635348e-06-1.15092188e-10j -1.77259122e-08+1.07172707e-03j]]"
-930.9586230137753j,"[[-1.72909702e-08+1.07413762e-03j -3.35366493e-06-1.11493943e-10j]
 [-3.36163203e-06-1.11757743e-10j -1.72344185e-08+1.07413763e-03j]]"
-928.8642279113823j,"[[-1.74019444e-08+1.07655940e-03j -3.36881424e-06-1.12428551e-10j]
 [-3.37681731e-06-1.12694140e-10j -1.72924806e-08+1.07655940e-03j]]"
-926.769832808989j,"[[-1.73564935e-08+1.07899243e-03j -3.38422824e-06-1.14687229e-10j]
 [-3.39226752e-06-1.14954622e-10j -1.74972448e-08+1.07899242e-03j]]"
-924.6754377065957j,"[[-1.73686414e-08+1.08143648e-03j -3.39972472e-06-1.15608170e-10j]
 [-3.40780045e-06-1.15877384e-10j -1.76454207e-08+1.08143648e-03j]]"
-922.5810426042026j,"[[-1.74121810e-08+1.08389185e-03j -3.41523342e-06-1.11638643e-10j]
 [-3.42334586e-06-1.11909695e-10j -1.77604633e-08+1.08389185e-03j]]"
-920.4866475018093j,"[[-1.74297186e-08+1.08635799e-03j -3.43074084e-06-1.15225569e-10j]
 [-3.43889024e-06-1.15498475e-10j -1.78914642e-08+1.08635798e-03j]]"
-918.3922523994162j,"[[-1.72729807e-08+1.08883484e-03j -3.44656193e-06-1.18746928e-10j]
 [-3.45474855e-06-1.19021706e-10j -1.82015889e-08+1.08883484e-03j]]"
-916.2978572970229j,"[[-1.74958466e-08+1.09132331e-03j -3.46260634e-06-1.17146358e-10j]
 [-3.47083043e-06-1.17423024e-10j -1.81587132e-08+1.09132331e-03j]]"
-914.2034621946299j,"[[-1.74026020e-08+1.09382379e-03j -3.47822004e-06-1.10372076e-10j]
 [-3.48648185e-06-1.10650648e-10j -1.84185699e-08+1.09382379e-03j]]"
-912.1090670922366j,"[[-1.70651669e-08+1.09633543e-03j -3.49382258e-06-1.13083364e-10j]
 [-3.50212237e-06-1.13363859e-10j -1.89113245e-08+1.09633542e-03j]]"
-910.0146719898435j,"[[-1.70452826e-08+1.09885851e-03j -3.50968095e-06-1.18376069e-10j]
 [-3.51801899e-06-1.18658506e-10j -1.90966145e-08+1.09885851e-03j]]"
-907.9202768874502j,"[[-1.70936784e-08+1.10139313e-03j -3.52620681e-06-1.28099157e-10j]
 [-3.53458336e-06-1.28383553e-10j -1.92096525e-08+1.10139313e-03j]]"
-905.825881785057j,"[[-1.71581407e-08+1.10393938e-03j -3.54310833e-06-1.25951176e-10j]
 [-3.55152366e-06-1.26237549e-10j -1.93188837e-08+1.10393939e-03j]]"
-903.7314866826638j,"[[-1.75279412e-08+1.10649770e-03j -3.55969758e-06-1.21930237e-10j]
 [-3.56815196e-06-1.22218605e-10j -1.91212545e-08+1.10649771e-03j]]"
-901.6370915802705j,"[[-1.79396715e-08+1.10906786e-03j -3.57639884e-06-1.25345800e-10j]
 [-3.58489255e-06-1.25636182e-10j -1.88752061e-08+1.10906787e-03j]]"
-899.5426964778775j,"[[-1.81511342e-08+1.11164975e-03j -3.59322745e-06-1.24087639e-10j]
 [-3.60176075e-06-1.24380054e-10j -1.88385932e-08+1.11164974e-03j]]"
-897.4483013754842j,"[[-1.80176428e-08+1.11424414e-03j -3.60986926e-06-1.20693323e-10j]
 [-3.61844244e-06-1.20987790e-10j -1.91484990e-08+1.11424413e-03j]]"
-895.3539062730911j,"[[-1.79692710e-08+1.11685040e-03j -3.62675414e-06-1.27499900e-10j]
 [-3.63536748e-06-1.27796439e-10j -1.93698061e-08+1.11685040e-03j]]"
-893.2595111706978j,"[[-1.81109922e-08+1.11946925e-03j -3.64381136e-06-1.23532716e-10j]
 [-3.65246513e-06-1.23831345e-10j -1.94065418e-08+1.11946925e-03j]]"
-891.1651160683047j,"[[-1.82197347e-08+1.12210013e-03j -3.66078331e-06-1.25444130e-10j]
 [-3.66947780e-06-1.25744870e-10j -1.94661158e-08+1.12210014e-03j]]"
-889.0707209659114j,"[[-1.84370064e-08+1.12474321e-03j -3.67799790e-06-1.28337765e-10j]
 [-3.68673341e-06-1.28640635e-10j -1.94275154e-08+1.12474320e-03j]]"
-886.9763258635184j,"[[-1.83615368e-08+1.12739901e-03j -3.69540486e-06-1.26893588e-10j]
 [-3.70418166e-06-1.27198609e-10j -1.96847500e-08+1.12739900e-03j]]"
-884.8819307611251j,"[[-1.81930667e-08+1.13006723e-03j -3.71269453e-06-1.27456438e-10j]
 [-3.72151293e-06-1.27763630e-10j -2.00309153e-08+1.13006722e-03j]]"
-882.7875356587319j,"[[-1.81666890e-08+1.13274819e-03j -3.73032865e-06-1.30189954e-10j]
 [-3.73918894e-06-1.30499338e-10j -2.02410874e-08+1.13274819e-03j]]"
-880.6931405563387j,"[[-1.82492445e-08+1.13544202e-03j -3.74798885e-06-1.28683720e-10j]
 [-3.75689134e-06-1.28995316e-10j -2.03441719e-08+1.13544203e-03j]]"
-878.5987454539454j,"[[-1.87242812e-08+1.13814860e-03j -3.76567258e-06-1.27448441e-10j]
 [-3.77461756e-06-1.27762270e-10j -2.00490155e-08+1.13814861e-03j]]"
-876.5043503515523j,"[[-1.90200516e-08+1.14086797e-03j -3.78337243e-06-1.31160044e-10j]
 [-3.79236021e-06-1.31476128e-10j -1.99373173e-08+1.14086797e-03j]]"
-874.409955249159j,"[[-1.88946309e-08+1.14360062e-03j -3.80140865e-06-1.30634507e-10j]
 [-3.81043954e-06-1.30952868e-10j -2.02532207e-08+1.14360061e-03j]]"
-872.315560146766j,"[[-1.87507122e-08+1.14634601e-03j -3.81978088e-06-1.39663732e-10j]
 [-3.82885519e-06-1.39984392e-10j -2.05797235e-08+1.14634600e-03j]]"
-870.2211650443727j,"[[-1.86816748e-08+1.14910486e-03j -3.83848825e-06-1.36741764e-10j]
 [-3.84760628e-06-1.37064745e-10j -2.08408417e-08+1.14910486e-03j]]"
-868.1267699419795j,"[[-1.89409105e-08+1.15187670e-03j -3.85712741e-06-1.36302780e-10j]
 [-3.86628949e-06-1.36628104e-10j -2.07690162e-08+1.15187671e-03j]]"
-866.0323748395863j,"[[-1.95752823e-08+1.15466205e-03j -3.87578537e-06-1.37873299e-10j]
 [-3.88499182e-06-1.38200989e-10j -2.03320271e-08+1.15466206e-03j]]"
-863.9379797371931j,"[[-1.95188254e-08+1.15746117e-03j -3.89477337e-06-1.41551772e-10j]
 [-3.90402451e-06-1.41881851e-10j -2.05851135e-08+1.15746116e-03j]]"
-861.8435846347999j,"[[-1.96053494e-08+1.16027400e-03j -3.91384626e-06-1.38815821e-10j]
 [-3.92314242e-06-1.39148312e-10j -2.06943155e-08+1.16027400e-03j]]"
-859.7491895324066j,"[[-1.94490010e-08+1.16310071e-03j -3.93273866e-06-1.35602043e-10j]
 [-3.94208017e-06-1.35936970e-10j -2.10535134e-08+1.16310071e-03j]]"
-857.6547944300136j,"[[-1.95778520e-08+1.16594106e-03j -3.95152625e-06-1.36052201e-10j]
 [-3.96091344e-06-1.36389587e-10j -2.11108164e-08+1.16594106e-03j]]"
-855.5603993276203j,"[[-1.95295255e-08+1.16879503e-03j -3.97073395e-06-1.43181677e-10j]
 [-3.98016715e-06-1.43521548e-10j -2.13556498e-08+1.16879503e-03j]]"
-853.4660042252272j,"[[-1.98440395e-08+1.17166285e-03j -3.99035007e-06-1.44883372e-10j]
 [-3.99982962e-06-1.45225751e-10j -2.12454887e-08+1.17166286e-03j]]"
-851.3716091228339j,"[[-2.01266468e-08+1.17454494e-03j -4.01021087e-06-1.47623300e-10j]
 [-4.01973712e-06-1.47968212e-10j -2.11690134e-08+1.17454493e-03j]]"
-849.2772140204407j,"[[-1.99067348e-08+1.17744156e-03j -4.03005820e-06-1.45721752e-10j]
 [-4.03963149e-06-1.46069221e-10j -2.15919905e-08+1.17744157e-03j]]"
-847.1828189180475j,"[[-1.99699572e-08+1.18035225e-03j -4.05015420e-06-1.49712253e-10j]
 [-4.05977488e-06-1.50062306e-10j -2.17330674e-08+1.18035224e-03j]]"
-845.0884238156544j,"[[-1.98487575e-08+1.18327729e-03j -4.07028469e-06-1.46795496e-10j]
 [-4.07995312e-06-1.47148158e-10j -2.20610562e-08+1.18327729e-03j]]"
-842.9940287132612j,"[[-2.01595424e-08+1.18621708e-03j -4.09037838e-06-1.48165680e-10j]
 [-4.10009491e-06-1.48520978e-10j -2.19545764e-08+1.18621708e-03j]]"
-840.899633610868j,"[[-2.03740876e-08+1.18917102e-03j -4.11081514e-06-1.53454238e-10j]
 [-4.12058013e-06-1.53812197e-10j -2.19463740e-08+1.18917102e-03j]]"
-838.8052385084748j,"[[-2.06781328e-08+1.19214000e-03j -4.13173866e-06-1.57133377e-10j]
 [-4.14155248e-06-1.57494024e-10j -2.18685402e-08+1.19214000e-03j]]"
-836.7108434060815j,"[[-2.08522511e-08+1.19512424e-03j -4.15244033e-06-1.47471763e-10j]
 [-4.16230334e-06-1.47835125e-10j -2.19061054e-08+1.19512424e-03j]]"
-834.6164483036883j,"[[-2.10923735e-08+1.19812332e-03j -4.17297516e-06-1.50353137e-10j]
 [-4.18288773e-06-1.50719241e-10j -2.18810147e-08+1.19812332e-03j]]"
-832.5220532012951j,"[[-2.13061535e-08+1.20113738e-03j -4.19357557e-06-1.49225013e-10j]
 [-4.20353808e-06-1.49593887e-10j -2.18774379e-08+1.20113739e-03j]]"
-830.427658098902j,"[[-2.15214399e-08+1.20416670e-03j -4.21436501e-06-1.52786962e-10j]
 [-4.22437784e-06-1.53158634e-10j -2.18826562e-08+1.20416670e-03j]]"
-828.3332629965088j,"[[-2.11955150e-08+1.20721110e-03j -4.23568314e-06-1.61491144e-10j]
 [-4.24574666e-06-1.61865643e-10j -2.24250470e-08+1.20721108e-03j]]"
-826.2388678941156j,"[[-2.06447416e-08+1.21027111e-03j -4.25739208e-06-1.57512502e-10j]
 [-4.26750668e-06-1.57889855e-10j -2.32018385e-08+1.21027110e-03j]]"
-824.1444727917224j,"[[-2.03783542e-08+1.21334658e-03j -4.27920788e-06-1.66658045e-10j]
 [-4.28937396e-06-1.67038283e-10j -2.36859533e-08+1.21334657e-03j]]"
-822.0500776893292j,"[[-2.01252282e-08+1.21643762e-03j -4.30162094e-06-1.69353898e-10j]
 [-4.31183889e-06-1.69737050e-10j -2.41614159e-08+1.21643763e-03j]]"
-819.955682586936j,"[[-2.05813716e-08+1.21954438e-03j -4.32423530e-06-1.69147767e-10j]
 [-4.33450551e-06-1.69533862e-10j -2.39306696e-08+1.21954439e-03j]]"
-817.8612874845429j,"[[-2.10105392e-08+1.22266700e-03j -4.34698270e-06-1.70671129e-10j]
 [-4.35730557e-06-1.71060198e-10j -2.37332453e-08+1.22266700e-03j]]"
-815.7668923821496j,"[[-2.10117586e-08+1.22580591e-03j -4.36983960e-06-1.73591936e-10j]
 [-4.38021555e-06-1.73984009e-10j -2.39639530e-08+1.22580591e-03j]]"
-813.6724972797564j,"[[-2.09770988e-08+1.22896123e-03j -4.39278152e-06-1.67586229e-10j]
 [-4.40321095e-06-1.67981337e-10j -2.42400383e-08+1.22896123e-03j]]"
-811.5781021773632j,"[[-2.14640451e-08+1.23213295e-03j -4.41538334e-06-1.63607089e-10j]
 [-4.42586667e-06-1.64005264e-10j -2.39803342e-08+1.23213297e-03j]]"
-809.48370707497j,"[[-2.21798776e-08+1.23532037e-03j -4.43794827e-06-1.65303362e-10j]
 [-4.44848592e-06-1.65704636e-10j -2.34849648e-08+1.23532037e-03j]]"
-807.3893119725768j,"[[-2.25667409e-08+1.23852412e-03j -4.46096664e-06-1.72500470e-10j]
 [-4.47155903e-06-1.72904875e-10j -2.33388481e-08+1.23852413e-03j]]"
-805.2949168701836j,"[[-2.26445350e-08+1.24174496e-03j -4.48432794e-06-1.71077928e-10j]
 [-4.49497550e-06-1.71485496e-10j -2.35163744e-08+1.24174495e-03j]]"
-803.2005217677905j,"[[-2.25527303e-08+1.24498301e-03j -4.50765252e-06-1.72484703e-10j]
 [-4.51835568e-06-1.72895468e-10j -2.38455381e-08+1.24498301e-03j]]"
-801.1061266653973j,"[[-2.25367769e-08+1.24823738e-03j -4.53135480e-06-1.77753202e-10j]
 [-4.54211399e-06-1.78167197e-10j -2.40880633e-08+1.24823738e-03j]]"
-799.0117315630041j,"[[-2.28935561e-08+1.25150885e-03j -4.55540946e-06-1.76818006e-10j]
 [-4.56622514e-06-1.77235266e-10j -2.39870930e-08+1.25150885e-03j]]"
-796.9173364606108j,"[[-2.31076695e-08+1.25479765e-03j -4.57964334e-06-1.82957862e-10j]
 [-4.59051594e-06-1.83378420e-10j -2.40213175e-08+1.25479764e-03j]]"
-794.8229413582177j,"[[-2.31265583e-08+1.25810436e-03j -4.60424455e-06-1.81927491e-10j]
 [-4.61517452e-06-1.82351382e-10j -2.42714949e-08+1.25810436e-03j]]"
-792.7285462558244j,"[[-2.35302433e-08+1.26142855e-03j -4.62850310e-06-1.72670672e-10j]
 [-4.63949091e-06-1.73097932e-10j -2.40952962e-08+1.26142855e-03j]]"
-790.6341511534312j,"[[-2.35845881e-08+1.26476945e-03j -4.65248855e-06-1.74661864e-10j]
 [-4.66353464e-06-1.75092528e-10j -2.42824918e-08+1.26476945e-03j]]"
-788.5397560510381j,"[[-2.35496119e-08+1.26812831e-03j -4.67698578e-06-1.79933305e-10j]
 [-4.68809062e-06-1.80367410e-10j -2.45910560e-08+1.26812830e-03j]]"
-786.4453609486449j,"[[-2.33976197e-08+1.27150547e-03j -4.70154492e-06-1.75855316e-10j]
 [-4.71270899e-06-1.76292898e-10j -2.49935337e-08+1.27150547e-03j]]"
-784.3509658462517j,"[[-2.36852986e-08+1.27490048e-03j -4.72593525e-06-1.74016510e-10j]
 [-4.73715903e-06-1.74457607e-10j -2.49722344e-08+1.27490048e-03j]]"
-782.2565707438584j,"[[-2.38177956e-08+1.27831378e-03j -4.75074967e-06-1.82607002e-10j]
 [-4.76203362e-06-1.83051652e-10j -2.50914482e-08+1.27831378e-03j]]"
-780.1621756414653j,"[[-2.39516833e-08+1.28174488e-03j -4.77610001e-06-1.85998541e-10j]
 [-4.78744463e-06-1.86446781e-10j -2.52174620e-08+1.28174489e-03j]]"
-778.067780539072j,"[[-2.43281605e-08+1.28519490e-03j -4.80172757e-06-1.88997705e-10j]
 [-4.81313334e-06-1.89449574e-10j -2.51155405e-08+1.28519491e-03j]]"
-775.973385436679j,"[[-2.48122818e-08+1.28866364e-03j -4.82771332e-06-1.90629059e-10j]
 [-4.83918075e-06-1.91084597e-10j -2.49013380e-08+1.28866365e-03j]]"
-773.8789903342857j,"[[-2.49997961e-08+1.29215125e-03j -4.85365816e-06-1.86866243e-10j]
 [-4.86518774e-06-1.87325490e-10j -2.49772699e-08+1.29215125e-03j]]"
-771.7845952318926j,"[[-2.48535949e-08+1.29565755e-03j -4.87963023e-06-1.89851541e-10j]
 [-4.89122247e-06-1.90314537e-10j -2.53924880e-08+1.29565755e-03j]]"
-769.6902001294993j,"[[-2.49836899e-08+1.29918291e-03j -4.90597263e-06-1.94235317e-10j]
 [-4.91762805e-06-1.94702103e-10j -2.55349135e-08+1.29918291e-03j]]"
-767.595805027106j,"[[-2.49092638e-08+1.30272725e-03j -4.93299121e-06-2.02450543e-10j]
 [-4.94471031e-06-2.02921160e-10j -2.58796052e-08+1.30272724e-03j]]"
-765.5014099247129j,"[[-2.50209486e-08+1.30629084e-03j -4.96054345e-06-2.11492184e-10j]
 [-4.97232677e-06-2.11966674e-10j -2.60550569e-08+1.30629085e-03j]]"
-763.4070148223196j,"[[-2.55153409e-08+1.30987465e-03j -4.98871033e-06-2.08146472e-10j]
 [-5.00055838e-06-2.08624879e-10j -2.58498363e-08+1.30987466e-03j]]"
-761.3126197199266j,"[[-2.57897094e-08+1.31347812e-03j -5.01629004e-06-2.03839854e-10j]
 [-5.02820338e-06-2.04322219e-10j -2.58534243e-08+1.31347813e-03j]]"
-759.2182246175333j,"[[-2.62671599e-08+1.31710140e-03j -5.04438614e-06-2.10526535e-10j]
 [-5.05636530e-06-2.11012903e-10j -2.56626022e-08+1.31710141e-03j]]"
-757.1238295151402j,"[[-2.68079032e-08+1.32074478e-03j -5.07254817e-06-2.06924714e-10j]
 [-5.08459369e-06-2.07415129e-10j -2.54113223e-08+1.32074477e-03j]]"
-755.0294344127469j,"[[-2.64684211e-08+1.32440855e-03j -5.10032068e-06-1.98261118e-10j]
 [-5.11243312e-06-1.98755627e-10j -2.60306276e-08+1.32440853e-03j]]"
-752.9350393103538j,"[[-2.64026764e-08+1.32809180e-03j -5.12832685e-06-2.10337907e-10j]
 [-5.14050677e-06-2.10836553e-10j -2.63862557e-08+1.32809179e-03j]]"
-750.8406442079605j,"[[-2.59601593e-08+1.33179620e-03j -5.15682594e-06-2.06112110e-10j]
 [-5.16907390e-06-2.06614941e-10j -2.71298003e-08+1.33179618e-03j]]"
-748.7462491055675j,"[[-2.58033280e-08+1.33552114e-03j -5.18471338e-06-1.97112748e-10j]
 [-5.19702996e-06-1.97619810e-10j -2.75762037e-08+1.33552114e-03j]]"
-746.6518540031742j,"[[-2.62024748e-08+1.33926652e-03j -5.21339741e-06-2.17305593e-10j]
 [-5.22578318e-06-2.17816935e-10j -2.74799127e-08+1.33926653e-03j]]"
-744.557458900781j,"[[-2.65464913e-08+1.34303370e-03j -5.24266963e-06-2.12714522e-10j]
 [-5.25512518e-06-2.13230190e-10j -2.74525406e-08+1.34303371e-03j]]"
-742.4630637983878j,"[[-2.70501766e-08+1.34682253e-03j -5.27196378e-06-2.17000455e-10j]
 [-5.28448969e-06-2.17520500e-10j -2.72523896e-08+1.34682254e-03j]]"
-740.3686686959945j,"[[-2.74542110e-08+1.35063228e-03j -5.30176261e-06-2.19918269e-10j]
 [-5.31435949e-06-2.20442740e-10j -2.71416624e-08+1.35063227e-03j]]"
-738.2742735936014j,"[[-2.75695743e-08+1.35446354e-03j -5.33175275e-06-2.17140932e-10j]
 [-5.34442120e-06-2.17669879e-10j -2.73473206e-08+1.35446352e-03j]]"
-736.1798784912081j,"[[-2.68785292e-08+1.35831675e-03j -5.36150558e-06-2.13701189e-10j]
 [-5.37424622e-06-2.14234663e-10j -2.83441696e-08+1.35831672e-03j]]"
-734.0854833888151j,"[[-2.64709409e-08+1.36219149e-03j -5.39178751e-06-2.30060008e-10j]
 [-5.40460096e-06-2.30598061e-10j -2.90679170e-08+1.36219149e-03j]]"
-731.9910882864218j,"[[-2.68408202e-08+1.36608880e-03j -5.42329519e-06-2.36809199e-10j]
 [-5.43618206e-06-2.37351884e-10j -2.90224682e-08+1.36608882e-03j]]"
-729.8966931840287j,"[[-2.77202946e-08+1.37000841e-03j -5.45498942e-06-2.34363041e-10j]
 [-5.46795035e-06-2.34910411e-10j -2.84475019e-08+1.37000843e-03j]]"
-727.8022980816354j,"[[-2.84078909e-08+1.37394987e-03j -5.48676736e-06-2.35726486e-10j]
 [-5.49980299e-06-2.36278596e-10j -2.80818884e-08+1.37394987e-03j]]"
-725.7079029792421j,"[[-2.80874577e-08+1.37791458e-03j -5.51881376e-06-2.37695723e-10j]
 [-5.53192474e-06-2.38252627e-10j -2.87427813e-08+1.37791457e-03j]]"
-723.613507876849j,"[[-2.79657874e-08+1.38190273e-03j -5.55091484e-06-2.34446772e-10j]
 [-5.56410182e-06-2.35008525e-10j -2.92063681e-08+1.38190273e-03j]]"
-721.5191127744557j,"[[-2.80843530e-08+1.38591418e-03j -5.58327253e-06-2.40342216e-10j]
 [-5.59653619e-06-2.40908874e-10j -2.94119114e-08+1.38591418e-03j]]"
-719.4247176720627j,"[[-2.82952735e-08+1.38994837e-03j -5.61601486e-06-2.43348331e-10j]
 [-5.62935586e-06-2.43919953e-10j -2.95271166e-08+1.38994837e-03j]]"
-717.3303225696694j,"[[-2.86188875e-08+1.39400595e-03j -5.64916491e-06-2.46539211e-10j]
 [-5.66258392e-06-2.47115855e-10j -2.95416133e-08+1.39400595e-03j]]"
-715.2359274672763j,"[[-2.86687909e-08+1.39808786e-03j -5.68269691e-06-2.49977576e-10j]
 [-5.69619462e-06-2.50559301e-10j -2.98494757e-08+1.39808785e-03j]]"
-713.141532364883j,"[[-2.86160328e-08+1.40219414e-03j -5.71624383e-06-2.42796885e-10j]
 [-5.72982094e-06-2.43383750e-10j -3.02433202e-08+1.40219413e-03j]]"
-711.0471372624899j,"[[-2.85170690e-08+1.40632416e-03j -5.74961982e-06-2.43320174e-10j]
 [-5.76327703e-06-2.43912240e-10j -3.06804464e-08+1.40632416e-03j]]"
-708.9527421600966j,"[[-2.88757544e-08+1.41047869e-03j -5.78309161e-06-2.40116130e-10j]
 [-5.79682963e-06-2.40713458e-10j -3.06823483e-08+1.41047869e-03j]]"
-706.8583470577036j,"[[-2.89988466e-08+1.41465778e-03j -5.81652900e-06-2.42312174e-10j]
 [-5.83034855e-06-2.42914828e-10j -3.09013847e-08+1.41465777e-03j]]"
-704.7639519553103j,"[[-2.88997409e-08+1.41886124e-03j -5.85020185e-06-2.42084561e-10j]
 [-5.86410366e-06-2.42692604e-10j -3.13420855e-08+1.41886124e-03j]]"
-702.669556852917j,"[[-2.88587533e-08+1.42308937e-03j -5.88480685e-06-2.58353025e-10j]
 [-5.89879166e-06-2.58966521e-10j -3.17521231e-08+1.42308936e-03j]]"
-700.5751617505239j,"[[-2.88096219e-08+1.42734329e-03j -5.91999141e-06-2.58296759e-10j]
 [-5.93405995e-06-2.58915773e-10j -3.21831599e-08+1.42734329e-03j]]"
-698.4807666481306j,"[[-2.90147719e-08+1.43162362e-03j -5.95524149e-06-2.58059134e-10j]
 [-5.96939453e-06-2.58683733e-10j -3.23461494e-08+1.43162362e-03j]]"
-696.3863715457375j,"[[-2.91181425e-08+1.43592880e-03j -5.99119036e-06-2.67723371e-10j]
 [-6.00542866e-06-2.68353622e-10j -3.25852378e-08+1.43592880e-03j]]"
-694.2919764433442j,"[[-2.92975813e-08+1.44025975e-03j -6.02751526e-06-2.69021918e-10j]
 [-6.04183959e-06-2.69657891e-10j -3.27871702e-08+1.44025975e-03j]]"
-692.1975813409512j,"[[-2.97102667e-08+1.44461703e-03j -6.06436233e-06-2.76119399e-10j]
 [-6.07877347e-06-2.76761162e-10j -3.27461080e-08+1.44461703e-03j]]"
-690.1031862385579j,"[[-3.03309101e-08+1.44900091e-03j -6.10172498e-06-2.77284802e-10j]
 [-6.11622373e-06-2.77932426e-10j -3.25300237e-08+1.44900093e-03j]]"
-688.0087911361647j,"[[-3.09587913e-08+1.45341215e-03j -6.13926938e-06-2.78816278e-10j]
 [-6.15385653e-06-2.79469835e-10j -3.22808757e-08+1.45341214e-03j]]"
-685.9143960337715j,"[[-3.06895355e-08+1.45784968e-03j -6.17718460e-06-2.84093805e-10j]
 [-6.19186097e-06-2.84753366e-10j -3.29212601e-08+1.45784966e-03j]]"
-683.8200009313783j,"[[-3.04940778e-08+1.46231438e-03j -6.21564541e-06-2.82570879e-10j]
 [-6.23041182e-06-2.83236519e-10j -3.35161373e-08+1.46231438e-03j]]"
-681.7256058289851j,"[[-3.08960910e-08+1.46680685e-03j -6.25387803e-06-2.81673576e-10j]
 [-6.26873531e-06-2.82345370e-10j -3.35058498e-08+1.46680685e-03j]]"
-679.6312107265919j,"[[-3.11393200e-08+1.47132683e-03j -6.29276346e-06-2.91161525e-10j]
 [-6.30771245e-06-2.91839548e-10j -3.36696192e-08+1.47132682e-03j]]"
-677.5368156241988j,"[[-3.07230588e-08+1.47587514e-03j -6.33168877e-06-2.81233433e-10j]
 [-6.34673031e-06-2.81917763e-10j -3.44703985e-08+1.47587514e-03j]]"
-675.4424205218055j,"[[-3.11785073e-08+1.48045045e-03j -6.37048063e-06-2.88698855e-10j]
 [-6.38561560e-06-2.89389571e-10j -3.44046917e-08+1.48045045e-03j]]"
-673.3480254194124j,"[[-3.13160046e-08+1.48505467e-03j -6.41042651e-06-2.97391489e-10j]
 [-6.42565578e-06-2.98088671e-10j -3.47014950e-08+1.48505467e-03j]]"
-671.2536303170192j,"[[-3.16691640e-08+1.48968783e-03j -6.45067143e-06-2.99566501e-10j]
 [-6.46599588e-06-3.00270229e-10j -3.47572171e-08+1.48968785e-03j]]"
-669.1592352146259j,"[[-3.22522565e-08+1.49435045e-03j -6.49134198e-06-2.99879879e-10j]
 [-6.50676250e-06-3.00590235e-10j -3.45967649e-08+1.49435045e-03j]]"
-667.0648401122327j,"[[-3.23532252e-08+1.49904176e-03j -6.53204895e-06-2.95147451e-10j]
 [-6.54756646e-06-2.95864519e-10j -3.49020100e-08+1.49904176e-03j]]"
-664.9704450098395j,"[[-3.31240310e-08+1.50376274e-03j -6.57280410e-06-3.02132986e-10j]
 [-6.58841951e-06-3.02856851e-10j -3.45588518e-08+1.50376275e-03j]]"
-662.8760499074464j,"[[-3.36904159e-08+1.50851339e-03j -6.61418534e-06-3.05203046e-10j]
 [-6.62989957e-06-3.05933794e-10j -3.44019462e-08+1.50851338e-03j]]"
-660.7816548050531j,"[[-3.34266103e-08+1.51329347e-03j -6.65640313e-06-3.13478542e-10j]
 [-6.67221714e-06-3.14216262e-10j -3.51022571e-08+1.51329346e-03j]]"
-658.68725970266j,"[[-3.32672085e-08+1.51810461e-03j -6.69859905e-06-3.07323351e-10j]
 [-6.71451379e-06-3.08068130e-10j -3.57247919e-08+1.51810460e-03j]]"
-656.5928646002668j,"[[-3.37126529e-08+1.52294681e-03j -6.74103378e-06-3.13673338e-10j]
 [-6.75705021e-06-3.14425266e-10j -3.57129331e-08+1.52294682e-03j]]"
-654.4984694978735j,"[[-3.31009820e-08+1.52781946e-03j -6.78398256e-06-3.15353759e-10j]
 [-6.80010166e-06-3.16112929e-10j -3.67423578e-08+1.52781943e-03j]]"
-652.4040743954804j,"[[-3.29410339e-08+1.53272309e-03j -6.82757413e-06-3.27286941e-10j]
 [-6.84379689e-06-3.28053446e-10j -3.73755667e-08+1.53272310e-03j]]"
-650.3096792930872j,"[[-3.40182895e-08+1.53765962e-03j -6.87184124e-06-3.23426950e-10j]
 [-6.88816866e-06-3.24200884e-10j -3.67682812e-08+1.53765965e-03j]]"
-648.215284190694j,"[[-3.51806913e-08+1.54262766e-03j -6.91617639e-06-3.24825757e-10j]
 [-6.93260948e-06-3.25607217e-10j -3.60417041e-08+1.54262766e-03j]]"
-646.1208890883007j,"[[-3.55171845e-08+1.54762720e-03j -6.96107799e-06-3.36196491e-10j]
 [-6.97761779e-06-3.36985576e-10j -3.61649839e-08+1.54762720e-03j]]"
-644.0264939859076j,"[[-3.62375700e-08+1.55265980e-03j -7.00700027e-06-3.42464894e-10j]
 [-7.02364781e-06-3.43261702e-10j -3.59359292e-08+1.55265980e-03j]]"
-641.9320988835144j,"[[-3.61712408e-08+1.55772571e-03j -7.05314129e-06-3.38042834e-10j]
 [-7.06989764e-06-3.38847466e-10j -3.64742917e-08+1.55772570e-03j]]"
-639.8377037811211j,"[[-3.56008150e-08+1.56282421e-03j -7.09944993e-06-3.44322091e-10j]
 [-7.11631616e-06-3.45134650e-10j -3.74966875e-08+1.56282421e-03j]]"
-637.743308678728j,"[[-3.56444445e-08+1.56795574e-03j -7.14661165e-06-3.48054933e-10j]
 [-7.16358883e-06-3.48875524e-10j -3.79301205e-08+1.56795574e-03j]]"
-635.6489135763348j,"[[-3.59647849e-08+1.57312129e-03j -7.19409865e-06-3.55121605e-10j]
 [-7.21118789e-06-3.55950335e-10j -3.81179502e-08+1.57312129e-03j]]"
-633.5545184739416j,"[[-3.61734383e-08+1.57832201e-03j -7.24197179e-06-3.47450635e-10j]
 [-7.25917421e-06-3.48287611e-10j -3.84019572e-08+1.57832201e-03j]]"
-631.4601233715484j,"[[-3.68937381e-08+1.58355673e-03j -7.28967230e-06-3.49357528e-10j]
 [-7.30698902e-06-3.50202859e-10j -3.81732782e-08+1.58355675e-03j]]"
-629.3657282691553j,"[[-3.76846048e-08+1.58882631e-03j -7.33811895e-06-3.60895842e-10j]
 [-7.35555111e-06-3.61749640e-10j -3.78689633e-08+1.58882631e-03j]]"
-627.271333166762j,"[[-3.80021638e-08+1.59413036e-03j -7.38779233e-06-3.67623331e-10j]
 [-7.40534109e-06-3.68485710e-10j -3.80644106e-08+1.59413035e-03j]]"
-625.1769380643688j,"[[-3.80505694e-08+1.59947050e-03j -7.43775488e-06-3.73102825e-10j]
 [-7.45542142e-06-3.73973900e-10j -3.85375521e-08+1.59947051e-03j]]"
-623.0825429619756j,"[[-3.89509503e-08+1.60484696e-03j -7.48858543e-06-3.79825098e-10j]
 [-7.50637093e-06-3.80704986e-10j -3.81478969e-08+1.60484697e-03j]]"
-620.9881478595825j,"[[-3.85522464e-08+1.61025911e-03j -7.53961497e-06-3.71781382e-10j]
 [-7.55752064e-06-3.72670203e-10j -3.90468720e-08+1.61025910e-03j]]"
-618.8937527571892j,"[[-3.88862218e-08+1.61570715e-03j -7.59075935e-06-3.80422323e-10j]
 [-7.60878642e-06-3.81320199e-10j -3.92246916e-08+1.61570715e-03j]]"
-616.799357654796j,"[[-3.93074881e-08+1.62119163e-03j -7.64255931e-06-3.83955885e-10j]
 [-7.66070901e-06-3.84862938e-10j -3.93268661e-08+1.62119162e-03j]]"
-614.7049625524029j,"[[-3.91203583e-08+1.62671396e-03j -7.69492259e-06-3.87398113e-10j]
 [-7.71319617e-06-3.88314470e-10j -4.00948510e-08+1.62671394e-03j]]"
-612.6105674500096j,"[[-3.87070381e-08+1.63227562e-03j -7.74700640e-06-3.74389491e-10j]
 [-7.76540514e-06-3.75315278e-10j -4.10601092e-08+1.63227559e-03j]]"
-610.5161723476165j,"[[-3.81823952e-08+1.63787483e-03j -7.79889490e-06-3.74969092e-10j]
 [-7.81742009e-06-3.75904440e-10j -4.21016016e-08+1.63787482e-03j]]"
-608.4217772452233j,"[[-3.89602165e-08+1.64351185e-03j -7.85196192e-06-3.95029289e-10j]
 [-7.87061487e-06-3.95974330e-10j -4.18829399e-08+1.64351186e-03j]]"
-606.3273821428301j,"[[-3.95952623e-08+1.64918836e-03j -7.90618943e-06-4.04107412e-10j]
 [-7.92497146e-06-4.05062280e-10j -4.18116543e-08+1.64918837e-03j]]"
-604.2329870404369j,"[[-3.98384855e-08+1.65490412e-03j -7.96188398e-06-4.20287155e-10j]
 [-7.98079643e-06-4.21251986e-10j -4.21497639e-08+1.65490410e-03j]]"
-602.1385919380436j,"[[-4.01408773e-08+1.66066038e-03j -8.01783722e-06-4.09914978e-10j]
 [-8.03688147e-06-4.10889911e-10j -4.24015675e-08+1.66066038e-03j]]"
-600.0441968356505j,"[[-4.06490315e-08+1.66645623e-03j -8.07367043e-06-4.09673382e-10j]
 [-8.09284786e-06-4.10658560e-10j -4.24753749e-08+1.66645622e-03j]]"
-597.9498017332572j,"[[-4.08431479e-08+1.67229231e-03j -8.12984080e-06-4.10676074e-10j]
 [-8.14915280e-06-4.11671641e-10j -4.28530762e-08+1.67229232e-03j]]"
-595.8554066308641j,"[[-4.15755237e-08+1.67816971e-03j -8.18635590e-06-4.10388662e-10j]
 [-8.20580389e-06-4.11394764e-10j -4.27234700e-08+1.67816972e-03j]]"
-593.7610115284709j,"[[-4.20806471e-08+1.68408801e-03j -8.24331698e-06-4.19989225e-10j]
 [-8.26290241e-06-4.21006011e-10j -4.27916570e-08+1.68408801e-03j]]"
-591.6666164260777j,"[[-4.22061524e-08+1.69004846e-03j -8.30105720e-06-4.20309212e-10j]
 [-8.32078153e-06-4.21336834e-10j -4.32894326e-08+1.69004845e-03j]]"
-589.5722213236845j,"[[-4.25128415e-08+1.69605206e-03j -8.35990640e-06-4.42662883e-10j]
 [-8.37977112e-06-4.43701496e-10j -4.36004045e-08+1.69605206e-03j]]"
-587.4778262212914j,"[[-4.26254493e-08+1.70209866e-03j -8.42025935e-06-4.47510815e-10j]
 [-8.44026595e-06-4.48560575e-10j -4.40996957e-08+1.70209865e-03j]]"
-585.3834311188981j,"[[-4.29096417e-08+1.70818756e-03j -8.48107063e-06-4.51052851e-10j]
 [-8.50122065e-06-4.52113919e-10j -4.44219731e-08+1.70818756e-03j]]"
-583.289036016505j,"[[-4.35777885e-08+1.71432000e-03j -8.54225198e-06-4.49945118e-10j]
 [-8.56254696e-06-4.51017657e-10j -4.43638014e-08+1.71432000e-03j]]"
-581.1946409141118j,"[[-4.32370013e-08+1.72049592e-03j -8.60404464e-06-4.60140273e-10j]
 [-8.62448615e-06-4.61224450e-10j -4.53519978e-08+1.72049591e-03j]]"
-579.1002458117185j,"[[-4.35458102e-08+1.72671769e-03j -8.66633145e-06-4.52312480e-10j]
 [-8.68692108e-06-4.53408462e-10j -4.57022457e-08+1.72671770e-03j]]"
-577.0058507093253j,"[[-4.37515800e-08+1.73298483e-03j -8.72873423e-06-4.60570177e-10j]
 [-8.74947360e-06-4.61678136e-10j -4.61512283e-08+1.73298483e-03j]]"
-574.9114556069321j,"[[-4.45473095e-08+1.73929786e-03j -8.79208964e-06-4.61407248e-10j]
 [-8.81298039e-06-4.62527360e-10j -4.60008708e-08+1.73929786e-03j]]"
-572.817060504539j,"[[-4.45838988e-08+1.74565642e-03j -8.85542590e-06-4.59183791e-10j]
 [-8.87646970e-06-4.60316235e-10j -4.66240592e-08+1.74565642e-03j]]"
-570.7226654021457j,"[[-4.54147352e-08+1.75206201e-03j -8.91899978e-06-4.56471475e-10j]
 [-8.94019831e-06-4.57616432e-10j -4.64662351e-08+1.75206201e-03j]]"
-568.6282702997526j,"[[-4.52423547e-08+1.75851414e-03j -8.98374861e-06-4.85874846e-10j]
 [-9.00510359e-06-4.87032501e-10j -4.73203110e-08+1.75851413e-03j]]"
-566.5338751973594j,"[[-4.58104700e-08+1.76501509e-03j -9.05033239e-06-4.85854243e-10j]
 [-9.07184554e-06-4.87024784e-10j -4.74615630e-08+1.76501510e-03j]]"
-564.4394800949661j,"[[-4.63698936e-08+1.77156409e-03j -9.11731534e-06-4.99768198e-10j]
 [-9.13898844e-06-5.00951817e-10j -4.75599992e-08+1.77156409e-03j]]"
-562.345084992573j,"[[-4.55380777e-08+1.77816080e-03j -9.18632902e-06-5.19662150e-10j]
 [-9.20816385e-06-5.20859043e-10j -4.90842652e-08+1.77816078e-03j]]"
-560.2506898901798j,"[[-4.56916016e-08+1.78480720e-03j -9.25621061e-06-5.15802849e-10j]
 [-9.27820900e-06-5.17013216e-10j -4.96569421e-08+1.78480720e-03j]]"
-558.1562947877866j,"[[-4.60053594e-08+1.79150363e-03j -9.32570162e-06-5.04437542e-10j]
 [-9.34786540e-06-5.05661585e-10j -5.00520587e-08+1.79150363e-03j]]"
-556.0618996853933j,"[[-4.68804048e-08+1.79825032e-03j -9.39566094e-06-5.15087154e-10j]
 [-9.41799200e-06-5.16325080e-10j -4.99267391e-08+1.79825033e-03j]]"
-553.9675045830002j,"[[-4.77618054e-08+1.80504879e-03j -9.46582895e-06-5.08551999e-10j]
 [-9.48832918e-06-5.09804018e-10j -4.97524709e-08+1.80504881e-03j]]"
-551.873109480607j,"[[-4.84317458e-08+1.81189758e-03j -9.53703970e-06-5.28820331e-10j]
 [-9.55971102e-06-5.30086660e-10j -4.98238018e-08+1.81189756e-03j]]"
-549.7787143782137j,"[[-4.80648152e-08+1.81879875e-03j -9.61014299e-06-5.39419434e-10j]
 [-9.63298737e-06-5.40700291e-10j -5.09401050e-08+1.81879875e-03j]]"
-547.6843192758206j,"[[-4.83915110e-08+1.82575288e-03j -9.68377879e-06-5.48509125e-10j]
 [-9.70679823e-06-5.49804732e-10j -5.13756080e-08+1.82575289e-03j]]"
-545.5899241734274j,"[[-4.93307478e-08+1.83276130e-03j -9.75911625e-06-5.64072238e-10j]
 [-9.78231275e-06-5.65382823e-10j -5.12308852e-08+1.83276132e-03j]]"
-543.4955290710342j,"[[-5.01774007e-08+1.83982352e-03j -9.83555621e-06-5.66980913e-10j]
 [-9.85893183e-06-5.68306707e-10j -5.11284447e-08+1.83982353e-03j]]"
-541.401133968641j,"[[-5.03372078e-08+1.84693958e-03j -9.91245589e-06-5.73486425e-10j]
 [-9.93601272e-06-5.74827665e-10j -5.17776743e-08+1.84693956e-03j]]"
-539.3067388662479j,"[[-5.07036695e-08+1.85411151e-03j -9.99054220e-06-5.84027721e-10j]
 [-1.00142823e-05-5.85384648e-10j -5.21986704e-08+1.85411152e-03j]]"
-537.2123437638546j,"[[-5.07476670e-08+1.86134006e-03j -1.00689762e-05-5.70854143e-10j]
 [-1.00929018e-05-5.72227002e-10j -5.29634937e-08+1.86134006e-03j]]"
-535.1179486614614j,"[[-5.17744775e-08+1.86862334e-03j -1.01475597e-05-5.79026169e-10j]
 [-1.01716730e-05-5.80415211e-10j -5.27145509e-08+1.86862336e-03j]]"
-533.0235535590682j,"[[-5.25407361e-08+1.87596428e-03j -1.02270560e-05-5.86280828e-10j]
 [-1.02513591e-05-5.87686308e-10j -5.27947936e-08+1.87596429e-03j]]"
-530.929158456675j,"[[-5.31489350e-08+1.88336355e-03j -1.03074508e-05-5.89370887e-10j]
 [-1.03319461e-05-5.90793065e-10j -5.30059557e-08+1.88336356e-03j]]"
-528.8347633542818j,"[[-5.37222156e-08+1.89082080e-03j -1.03889011e-05-6.03841361e-10j]
 [-1.04135907e-05-6.05280504e-10j -5.32852315e-08+1.89082081e-03j]]"
-526.7403682518886j,"[[-5.43034273e-08+1.89833884e-03j -1.04713074e-05-6.07704816e-10j]
 [-1.04961938e-05-6.09161193e-10j -5.35617724e-08+1.89833883e-03j]]"
-524.6459731494955j,"[[-5.44820644e-08+1.90591477e-03j -1.05554715e-05-6.31659093e-10j]
 [-1.05805569e-05-6.33132983e-10j -5.42072763e-08+1.90591475e-03j]]"
-522.5515780471022j,"[[-5.38482429e-08+1.91355139e-03j -1.06410369e-05-6.34857440e-10j]
 [-1.06663238e-05-6.36349123e-10j -5.57288934e-08+1.91355136e-03j]]"
-520.4571829447091j,"[[-5.36687369e-08+1.92125091e-03j -1.07267628e-05-6.27392296e-10j]
 [-1.07522536e-05-6.28902060e-10j -5.68489269e-08+1.92125091e-03j]]"
-518.3627878423159j,"[[-5.44922771e-08+1.92901369e-03j -1.08135776e-05-6.49702002e-10j]
 [-1.08392748e-05-6.51230139e-10j -5.69011602e-08+1.92901371e-03j]]"
-516.2683927399227j,"[[-5.53352562e-08+1.93683904e-03j -1.09019600e-05-6.55592652e-10j]
 [-1.09278662e-05-6.57139462e-10j -5.69680903e-08+1.93683904e-03j]]"
-514.1739976375295j,"[[-5.57048138e-08+1.94472773e-03j -1.09913981e-05-6.64538751e-10j]
 [-1.10175158e-05-6.66104540e-10j -5.74900874e-08+1.94472774e-03j]]"
-512.0796025351362j,"[[-5.58042686e-08+1.95268015e-03j -1.10821985e-05-6.79041521e-10j]
 [-1.11085302e-05-6.80626601e-10j -5.83091410e-08+1.95268013e-03j]]"
-509.98520743274304j,"[[-5.58253090e-08+1.96069796e-03j -1.11734228e-05-6.58745189e-10j]
 [-1.11999712e-05-6.60349878e-10j -5.92192765e-08+1.96069795e-03j]]"
-507.8908123303499j,"[[-5.66302743e-08+1.96878180e-03j -1.12643943e-05-6.71106639e-10j]
 [-1.12911621e-05-6.72731261e-10j -5.93806111e-08+1.96878181e-03j]]"
-505.7964172279567j,"[[-5.77677816e-08+1.97693241e-03j -1.13576404e-05-6.85892318e-10j]
 [-1.13846304e-05-6.87537206e-10j -5.92005465e-08+1.97693242e-03j]]"
-503.7020221255635j,"[[-5.83642889e-08+1.98515105e-03j -1.14510707e-05-6.79331477e-10j]
 [-1.14782856e-05-6.80996969e-10j -5.95860542e-08+1.98515107e-03j]]"
-501.6076270231703j,"[[-5.93410109e-08+1.99343867e-03j -1.15464316e-05-7.12053442e-10j]
 [-1.15738742e-05-7.13739883e-10j -5.96133449e-08+1.99343866e-03j]]"
-499.5132319207771j,"[[-5.93720320e-08+2.00179667e-03j -1.16429981e-05-7.01397456e-10j]
 [-1.16706713e-05-7.03105199e-10j -6.05766364e-08+2.00179667e-03j]]"
-497.4188368183839j,"[[-5.97355106e-08+2.01022386e-03j -1.17410046e-05-7.37160829e-10j]
 [-1.17689114e-05-7.38890234e-10j -6.12093835e-08+2.01022384e-03j]]"
-495.32444171599076j,"[[-5.92186877e-08+2.01872249e-03j -1.18415783e-05-7.50296841e-10j]
 [-1.18697215e-05-7.52048276e-10j -6.27563204e-08+2.01872248e-03j]]"
-493.23004661359755j,"[[-5.97455352e-08+2.02729376e-03j -1.19428452e-05-7.40734372e-10j]
 [-1.19712280e-05-7.42508213e-10j -6.32724484e-08+2.02729376e-03j]]"
-491.1356515112043j,"[[-6.11463774e-08+2.03593691e-03j -1.20450545e-05-7.63294492e-10j]
 [-1.20736798e-05-7.65091124e-10j -6.29119509e-08+2.03593695e-03j]]"
-489.0412564088111j,"[[-6.26326464e-08+2.04465521e-03j -1.21493073e-05-7.69540891e-10j]
 [-1.21781783e-05-7.71360704e-10j -6.25181763e-08+2.04465522e-03j]]"
-486.94686130641793j,"[[-6.26904028e-08+2.05344830e-03j -1.22538602e-05-7.67729589e-10j]
 [-1.22829801e-05-7.69572984e-10j -6.34904420e-08+2.05344828e-03j]]"
-484.8524662040247j,"[[-6.23664641e-08+2.06231561e-03j -1.23600970e-05-7.88332913e-10j]
 [-1.23894690e-05-7.90200301e-10j -6.49123360e-08+2.06231559e-03j]]"
-482.7580711016315j,"[[-6.25403218e-08+2.07126085e-03j -1.24676286e-05-7.95798730e-10j]
 [-1.24972560e-05-7.97690528e-10j -6.58457126e-08+2.07126087e-03j]]"
-480.66367599923836j,"[[-6.38601709e-08+2.08028345e-03j -1.25772854e-05-8.19013472e-10j]
 [-1.26071715e-05-8.20930108e-10j -6.56376824e-08+2.08028346e-03j]]"
-478.56928089684516j,"[[-6.50589791e-08+2.08938612e-03j -1.26883539e-05-8.17060687e-10j]
 [-1.27185022e-05-8.19002597e-10j -6.56275718e-08+2.08938614e-03j]]"
-476.47488579445195j,"[[-6.67815204e-08+2.09856945e-03j -1.28001595e-05-8.24347501e-10j]
 [-1.28305734e-05-8.26315130e-10j -6.50545964e-08+2.09856947e-03j]]"
-474.3804906920588j,"[[-6.70633266e-08+2.10783404e-03j -1.29126799e-05-8.22207274e-10j]
 [-1.29433630e-05-8.24201080e-10j -6.59261898e-08+2.10783403e-03j]]"
-472.2860955896656j,"[[-6.72298365e-08+2.11717938e-03j -1.30265509e-05-8.43094732e-10j]
 [-1.30575067e-05-8.45115180e-10j -6.69284372e-08+2.11717936e-03j]]"
-470.1917004872724j,"[[-6.64704599e-08+2.12660863e-03j -1.31423112e-05-8.53872752e-10j]
 [-1.31735434e-05-8.55920320e-10j -6.88850586e-08+2.12660860e-03j]]"
-468.0973053848791j,"[[-6.63350563e-08+2.13612168e-03j -1.32601425e-05-8.78525774e-10j]
 [-1.32916548e-05-8.80600949e-10j -7.02176494e-08+2.13612168e-03j]]"
-466.00291028248597j,"[[-6.72559595e-08+2.14571986e-03j -1.33807663e-05-9.07433124e-10j]
 [-1.34125625e-05-9.09536406e-10j -7.05220025e-08+2.14571987e-03j]]"
-463.90851518009276j,"[[-6.81150316e-08+2.15540470e-03j -1.35043382e-05-9.29519205e-10j]
 [-1.35364221e-05-9.31651103e-10j -7.09408127e-08+2.15540470e-03j]]"
-461.81412007769956j,"[[-6.88305601e-08+2.16517781e-03j -1.36296500e-05-9.43629662e-10j]
 [-1.36620255e-05-9.45790696e-10j -7.14679782e-08+2.16517782e-03j]]"
-459.7197249753064j,"[[-6.97615867e-08+2.17503941e-03j -1.37562085e-05-9.32061506e-10j]
 [-1.37888797e-05-9.34252211e-10j -7.18231545e-08+2.17503940e-03j]]"
-457.6253298729132j,"[[-6.86281891e-08+2.18499251e-03j -1.38819409e-05-9.16242249e-10j]
 [-1.39149119e-05-9.18463170e-10j -7.42849301e-08+2.18499248e-03j]]"
-455.53093477052j,"[[-6.80510771e-08+2.19503727e-03j -1.40090616e-05-9.49849370e-10j]
 [-1.40423364e-05-9.52101065e-10j -7.61803092e-08+2.19503725e-03j]]"
-453.43653966812684j,"[[-6.91635296e-08+2.20517582e-03j -1.41399105e-05-9.82174036e-10j]
 [-1.41734934e-05-9.84457075e-10j -7.64396772e-08+2.20517585e-03j]]"
-451.34214456573363j,"[[-7.07884033e-08+2.21540946e-03j -1.42726253e-05-9.82577623e-10j]
 [-1.43065206e-05-9.84892590e-10j -7.61322403e-08+2.21540946e-03j]]"
-449.2477494633404j,"[[-7.15536967e-08+2.22573513e-03j -1.44062568e-05-9.81145499e-10j]
 [-1.44404688e-05-9.83492994e-10j -7.66866651e-08+2.22573516e-03j]]"
-447.1533543609473j,"[[-7.41625476e-08+2.23615661e-03j -1.45401857e-05-9.75928256e-10j]
 [-1.45747190e-05-9.78308893e-10j -7.54549118e-08+2.23615662e-03j]]"
-445.058959258554j,"[[-7.33028020e-08+2.24667637e-03j -1.46763965e-05-1.01704043e-09j]
 [-1.47112556e-05-1.01945483e-09j -7.77602016e-08+2.24667633e-03j]]"
-442.9645641561608j,"[[-7.32812228e-08+2.25729666e-03j -1.48151208e-05-1.00795517e-09j]
 [-1.48503102e-05-1.01040398e-09j -7.92239173e-08+2.25729666e-03j]]"
-440.8701690537676j,"[[-7.36993786e-08+2.26801787e-03j -1.49549282e-05-1.04360801e-09j]
 [-1.49904528e-05-1.04609189e-09j -8.02810958e-08+2.26801787e-03j]]"
-438.77577395137445j,"[[-7.51226037e-08+2.27884293e-03j -1.50981896e-05-1.05615786e-09j]
 [-1.51340541e-05-1.05867747e-09j -8.02959415e-08+2.27884294e-03j]]"
-436.68137884898124j,"[[-7.56327741e-08+2.28976967e-03j -1.52444100e-05-1.10326015e-09j]
 [-1.52806193e-05-1.10581620e-09j -8.12766264e-08+2.28976966e-03j]]"
-434.58698374658803j,"[[-7.59646446e-08+2.30080278e-03j -1.53936663e-05-1.10771228e-09j]
 [-1.54302255e-05-1.11030546e-09j -8.25142896e-08+2.30080275e-03j]]"
-432.4925886441949j,"[[-7.65620730e-08+2.31194375e-03j -1.55432004e-05-1.09620460e-09j]
 [-1.55801146e-05-1.09883564e-09j -8.33900055e-08+2.31194374e-03j]]"
-430.3981935418017j,"[[-7.71329061e-08+2.32318964e-03j -1.56943280e-05-1.11868708e-09j]
 [-1.57316023e-05-1.12135671e-09j -8.43777929e-08+2.32318965e-03j]]"
-428.30379843940847j,"[[-7.80739123e-08+2.33454696e-03j -1.58480179e-05-1.13962843e-09j]
 [-1.58856576e-05-1.14233742e-09j -8.50301813e-08+2.33454695e-03j]]"
-426.2094033370153j,"[[-7.77015597e-08+2.34601627e-03j -1.60044030e-05-1.15786055e-09j]
 [-1.60424135e-05-1.16060966e-09j -8.70366227e-08+2.34601623e-03j]]"
-424.11500823462205j,"[[-7.83279951e-08+2.35759905e-03j -1.61627794e-05-1.16908954e-09j]
 [-1.62011662e-05-1.17187958e-09j -8.80224822e-08+2.35759909e-03j]]"
-422.02061313222885j,"[[-8.17441750e-08+2.36929719e-03j -1.63231662e-05-1.18142849e-09j]
 [-1.63619349e-05-1.18426028e-09j -8.62865598e-08+2.36929727e-03j]]"
-419.92621802983564j,"[[-8.45592554e-08+2.38111180e-03j -1.64863705e-05-1.22156484e-09j]
 [-1.65255269e-05-1.22443921e-09j -8.51103334e-08+2.38111181e-03j]]"
-417.8318229274425j,"[[-8.50987156e-08+2.39304390e-03j -1.66539506e-05-1.25220430e-09j]
 [-1.66935005e-05-1.25512211e-09j -8.62914095e-08+2.39304389e-03j]]"
-415.7374278250493j,"[[-8.54223215e-08+2.40509599e-03j -1.68237961e-05-1.26159668e-09j]
 [-1.68637455e-05-1.26455882e-09j -8.76797006e-08+2.40509597e-03j]]"
-413.6430327226561j,"[[-8.46501230e-08+2.41727067e-03j -1.69952451e-05-1.26564011e-09j]
 [-1.70356001e-05-1.26864747e-09j -9.02594314e-08+2.41727065e-03j]]"
-411.5486376202629j,"[[-8.58899244e-08+2.42957102e-03j -1.71694259e-05-1.30388310e-09j]
 [-1.72101927e-05-1.30693660e-09j -9.08088907e-08+2.42957105e-03j]]"
-409.4542425178697j,"[[-8.67867613e-08+2.44199571e-03j -1.73473424e-05-1.32508929e-09j]
 [-1.73885273e-05-1.32818990e-09j -9.16394268e-08+2.44199568e-03j]]"
-407.3598474154765j,"[[-8.60555268e-08+2.45454563e-03j -1.75276857e-05-1.33147363e-09j]
 [-1.75692951e-05-1.33462231e-09j -9.42375023e-08+2.45454561e-03j]]"
-405.26545231308336j,"[[-8.81867363e-08+2.46722840e-03j -1.77083481e-05-1.31764700e-09j]
 [-1.77503887e-05-1.32084475e-09j -9.40137694e-08+2.46722843e-03j]]"
-403.17105721069015j,"[[-8.94166094e-08+2.48004259e-03j -1.78911353e-05-1.35117709e-09j]
 [-1.79336138e-05-1.35442493e-09j -9.46868164e-08+2.48004259e-03j]]"
-401.0766621082969j,"[[-9.05375788e-08+2.49299153e-03j -1.80780575e-05-1.38181745e-09j]
 [-1.81209807e-05-1.38511643e-09j -9.55113750e-08+2.49299153e-03j]]"
-398.9822670059037j,"[[-9.14848839e-08+2.50607512e-03j -1.82676729e-05-1.38918985e-09j]
 [-1.83110480e-05-1.39254105e-09j -9.64687823e-08+2.50607514e-03j]]"
-396.88787190351053j,"[[-9.28176528e-08+2.51929662e-03j -1.84591014e-05-1.41089260e-09j]
 [-1.85029355e-05-1.41429714e-09j -9.71275777e-08+2.51929662e-03j]]"
-394.7934768011173j,"[[-9.30915370e-08+2.53265730e-03j -1.86540435e-05-1.43647301e-09j]
 [-1.86983438e-05-1.43993202e-09j -9.88359956e-08+2.53265729e-03j]]"
-392.6990816987241j,"[[-9.45075957e-08+2.54616004e-03j -1.88531865e-05-1.47294809e-09j]
 [-1.88979607e-05-1.47646275e-09j -9.95236920e-08+2.54616005e-03j]]"
-390.60468659633096j,"[[-9.59770574e-08+2.55980970e-03j -1.90551319e-05-1.49388851e-09j]
 [-1.91003875e-05-1.49746000e-09j -1.00152572e-07+2.55980969e-03j]]"
-388.51029149393776j,"[[-9.60883940e-08+2.57360636e-03j -1.92614363e-05-1.53646114e-09j]
 [-1.93071811e-05-1.54009071e-09j -1.02134710e-07+2.57360634e-03j]]"
-386.41589639154455j,"[[-9.72730873e-08+2.58755062e-03j -1.94711907e-05-1.54979726e-09j]
 [-1.95174327e-05-1.55348616e-09j -1.03104784e-07+2.58755064e-03j]]"
-384.3215012891514j,"[[-9.88602690e-08+2.60164811e-03j -1.96831182e-05-1.55739908e-09j]
 [-1.97298655e-05-1.56114862e-09j -1.03714030e-07+2.60164811e-03j]]"
-382.2271061867582j,"[[-9.91153954e-08+2.61589880e-03j -1.98983036e-05-1.59447150e-09j]
 [-1.99455647e-05-1.59828301e-09j -1.05644632e-07+2.61589877e-03j]]"
-380.132711084365j,"[[-1.00288743e-07+2.63030706e-03j -2.01173125e-05-1.61923090e-09j]
 [-2.01650957e-05-1.62310576e-09j -1.06773644e-07+2.63030711e-03j]]"
-378.0383159819717j,"[[-1.04126861e-07+2.64487590e-03j -2.03409465e-05-1.66915917e-09j]
 [-2.03892606e-05-1.67309879e-09j -1.05219539e-07+2.64487593e-03j]]"
-375.94392087957857j,"[[-1.05859745e-07+2.65960645e-03j -2.05689887e-05-1.67857553e-09j]
 [-2.06178426e-05-1.68258136e-09j -1.05869398e-07+2.65960645e-03j]]"
-373.84952577718536j,"[[-1.06716115e-07+2.67450425e-03j -2.07983453e-05-1.67677002e-09j]
 [-2.08477481e-05-1.68084355e-09j -1.07407910e-07+2.67450424e-03j]]"
-371.75513067479216j,"[[-1.08195008e-07+2.68956701e-03j -2.10305975e-05-1.71847359e-09j]
 [-2.10805585e-05-1.72261636e-09j -1.08258334e-07+2.68956698e-03j]]"
-369.660735572399j,"[[-1.07040586e-07+2.70480156e-03j -2.12690715e-05-1.77803398e-09j]
 [-2.13196002e-05-1.78224756e-09j -1.11946872e-07+2.70480152e-03j]]"
-367.5663404700058j,"[[-1.07095692e-07+2.72020926e-03j -2.15141553e-05-1.83480962e-09j]
 [-2.15652615e-05-1.83909564e-09j -1.14326400e-07+2.72020920e-03j]]"
-365.4719453676126j,"[[-1.07306631e-07+2.73579118e-03j -2.17620749e-05-1.81889769e-09j]
 [-2.18137685e-05-1.82325782e-09j -1.16639152e-07+2.73579119e-03j]]"
-363.37755026521944j,"[[-1.08871026e-07+2.75155417e-03j -2.20130178e-05-1.86658333e-09j]
 [-2.20653089e-05-1.87101929e-09j -1.17724308e-07+2.75155417e-03j]]"
-361.28315516282623j,"[[-1.10001394e-07+2.76750064e-03j -2.22685061e-05-1.87631449e-09j]
 [-2.23214052e-05-1.88082804e-09j -1.19203555e-07+2.76750062e-03j]]"
-359.188760060433j,"[[-1.10345392e-07+2.78363229e-03j -2.25284666e-05-1.95122186e-09j]
 [-2.25819844e-05-1.95581483e-09j -1.21558350e-07+2.78363226e-03j]]"
-357.09436495803976j,"[[-1.12484719e-07+2.79995406e-03j -2.27947793e-05-1.97107431e-09j]
 [-2.28489267e-05-1.97574856e-09j -1.22146905e-07+2.79995413e-03j]]"
-354.9999698556466j,"[[-1.15338277e-07+2.81646719e-03j -2.30652664e-05-2.00200459e-09j]
 [-2.31200545e-05-2.00676207e-09j -1.22022863e-07+2.81646721e-03j]]"
-352.9055747532534j,"[[-1.16665845e-07+2.83317624e-03j -2.33396379e-05-2.03293461e-09j]
 [-2.33950783e-05-2.03777729e-09j -1.23596594e-07+2.83317623e-03j]]"
-350.8111796508602j,"[[-1.17669620e-07+2.85008821e-03j -2.36180509e-05-2.04276837e-09j]
 [-2.36741552e-05-2.04769830e-09j -1.25490709e-07+2.85008820e-03j]]"
-348.71678454846705j,"[[-1.19165261e-07+2.86720205e-03j -2.39013827e-05-2.10361462e-09j]
 [-2.39581628e-05-2.10863390e-09j -1.26880479e-07+2.86720207e-03j]]"
-346.62238944607384j,"[[-1.22160419e-07+2.88452187e-03j -2.41915522e-05-2.15340561e-09j]
 [-2.42490206e-05-2.15851643e-09j -1.26869758e-07+2.88452189e-03j]]"
-344.52799434368063j,"[[-1.22259606e-07+2.90205184e-03j -2.44856275e-05-2.15861231e-09j]
 [-2.45437967e-05-2.16381691e-09j -1.29776414e-07+2.90205179e-03j]]"
-342.4335992412875j,"[[-1.23127691e-07+2.91979512e-03j -2.47839716e-05-2.20124802e-09j]
 [-2.48428545e-05-2.20654869e-09j -1.32029177e-07+2.91979515e-03j]]"
-340.3392041388942j,"[[-1.26351374e-07+2.93775670e-03j -2.50881435e-05-2.25002875e-09j]
 [-2.51477533e-05-2.25542789e-09j -1.31886930e-07+2.93775671e-03j]]"
-338.24480903650107j,"[[-1.27240994e-07+2.95593810e-03j -2.54005569e-05-2.33825958e-09j]
 [-2.54609071e-05-2.34375964e-09j -1.34203673e-07+2.95593809e-03j]]"
-336.15041393410786j,"[[-1.29762966e-07+2.97434871e-03j -2.57191789e-05-2.35239483e-09j]
 [-2.57802834e-05-2.35799833e-09j -1.34997723e-07+2.97434871e-03j]]"
-334.05601883171465j,"[[-1.29692758e-07+2.99299105e-03j -2.60416614e-05-2.37591834e-09j]
 [-2.61035345e-05-2.38162790e-09j -1.38425176e-07+2.99299103e-03j]]"
-331.9616237293215j,"[[-1.32748969e-07+3.01186921e-03j -2.63697793e-05-2.42336840e-09j]
 [-2.64324356e-05-2.42918671e-09j -1.38769409e-07+3.01186927e-03j]]"
-329.8672286269283j,"[[-1.35322185e-07+3.03098679e-03j -2.67048434e-05-2.50169867e-09j]
 [-2.67682978e-05-2.50762850e-09j -1.39600788e-07+3.03098677e-03j]]"
-327.7728335245351j,"[[-1.36472165e-07+3.05034673e-03j -2.70492023e-05-2.56282457e-09j]
 [-2.71134701e-05-2.56886879e-09j -1.41952967e-07+3.05034674e-03j]]"
-325.6784384221419j,"[[-1.37273323e-07+3.06995317e-03j -2.74006901e-05-2.63363304e-09j]
 [-2.74657872e-05-2.63979463e-09j -1.44660278e-07+3.06995315e-03j]]"
-323.5840433197487j,"[[-1.40657687e-07+3.08981219e-03j -2.77597190e-05-2.68043152e-09j]
 [-2.78256614e-05-2.68671353e-09j -1.45054269e-07+3.08981226e-03j]]"
-321.4896482173555j,"[[-1.43759050e-07+3.10993440e-03j -2.81258687e-05-2.74021690e-09j]
 [-2.81926730e-05-2.74662250e-09j -1.45712871e-07+3.10993441e-03j]]"
-319.3952531149623j,"[[-1.46561313e-07+3.13032204e-03j -2.84992368e-05-2.77283169e-09j]
 [-2.85669201e-05-2.77936412e-09j -1.46696419e-07+3.13032207e-03j]]"
-317.3008580125691j,"[[-1.48489677e-07+3.15097571e-03j -2.88778718e-05-2.81743774e-09j]
 [-2.89464515e-05-2.82410038e-09j -1.48632017e-07+3.15097569e-03j]]"
-315.2064629101759j,"[[-1.49161697e-07+3.17190541e-03j -2.92653243e-05-2.89273225e-09j]
 [-2.93348183e-05-2.89952858e-09j -1.51946807e-07+3.17190536e-03j]]"
-313.1120678077827j,"[[-1.50295407e-07+3.19311445e-03j -2.96594433e-05-2.91375218e-09j]
 [-2.97298700e-05-2.92068580e-09j -1.54829306e-07+3.19311441e-03j]]"
-311.01767270538954j,"[[-1.49330846e-07+3.21460857e-03j -3.00612020e-05-3.00096621e-09j]
 [-3.01325804e-05-3.00804085e-09j -1.59956809e-07+3.21460849e-03j]]"
-308.92327760299634j,"[[-1.47817441e-07+3.23639722e-03j -3.04711518e-05-3.01687105e-09j]
 [-3.05435013e-05-3.02409054e-09j -1.65698928e-07+3.23639716e-03j]]"
-306.82888250060313j,"[[-1.49303668e-07+3.25847693e-03j -3.08857072e-05-3.06656182e-09j]
 [-3.09590476e-05-3.07393017e-09j -1.68282399e-07+3.25847697e-03j]]"
-304.7344873982099j,"[[-1.52525360e-07+3.28085875e-03j -3.13104050e-05-3.15176337e-09j]
 [-3.13847569e-05-3.15928469e-09j -1.69605108e-07+3.28085881e-03j]]"
-302.6400922958167j,"[[-1.59453731e-07+3.30355684e-03j -3.17434221e-05-3.20324979e-09j]
 [-3.18188067e-05-3.21092835e-09j -1.67162862e-07+3.30355691e-03j]]"
-300.54569719342356j,"[[-1.59805189e-07+3.32656759e-03j -3.21880656e-05-3.32953619e-09j]
 [-3.22645044e-05-3.33737639e-09j -1.71287464e-07+3.32656749e-03j]]"
-298.45130209103036j,"[[-1.59355178e-07+3.34989983e-03j -3.26446524e-05-3.40125798e-09j]
 [-3.27221677e-05-3.40926440e-09j -1.76451877e-07+3.34989981e-03j]]"
-296.35690698863715j,"[[-1.61369796e-07+3.37356389e-03j -3.31085747e-05-3.42848835e-09j]
 [-3.31871895e-05-3.43666572e-09j -1.79221607e-07+3.37356390e-03j]]"
-294.26251188624394j,"[[-1.65386967e-07+3.39756694e-03j -3.35807210e-05-3.51724046e-09j]
 [-3.36604587e-05-3.52559367e-09j -1.80095179e-07+3.39756701e-03j]]"
-292.16811678385073j,"[[-1.71723064e-07+3.42191062e-03j -3.40648766e-05-3.59633117e-09j]
 [-3.41457616e-05-3.60486531e-09j -1.78680695e-07+3.42191072e-03j]]"
-290.0737216814576j,"[[-1.75704554e-07+3.44660732e-03j -3.45595721e-05-3.68802193e-09j]
 [-3.46416291e-05-3.69674226e-09j -1.79788291e-07+3.44660727e-03j]]"
-287.9793265790644j,"[[-1.75574428e-07+3.47166270e-03j -3.50638042e-05-3.71985058e-09j]
 [-3.51470591e-05-3.72876255e-09j -1.85054277e-07+3.47166269e-03j]]"
-285.88493147667117j,"[[-1.80822475e-07+3.49708116e-03j -3.55781788e-05-3.82555672e-09j]
 [-3.56626580e-05-3.83466600e-09j -1.85089121e-07+3.49708119e-03j]]"
-283.79053637427796j,"[[-1.81369804e-07+3.52287931e-03j -3.61041272e-05-3.89966567e-09j]
 [-3.61898577e-05-3.90897813e-09j -1.90096556e-07+3.52287924e-03j]]"
-281.69614127188476j,"[[-1.82318108e-07+3.54906340e-03j -3.66443247e-05-4.04393155e-09j]
 [-3.67313347e-05-4.05345325e-09j -1.94691491e-07+3.54906338e-03j]]"
-279.6017461694916j,"[[-1.87023049e-07+3.57563557e-03j -3.71974169e-05-4.09126568e-09j]
 [-3.72857352e-05-4.10100296e-09j -1.95502222e-07+3.57563566e-03j]]"
-277.5073510670984j,"[[-1.92551720e-07+3.60260516e-03j -3.77604929e-05-4.19833303e-09j]
 [-3.78501493e-05-4.20829244e-09j -1.95776176e-07+3.60260517e-03j]]"
-275.4129559647052j,"[[-1.95239138e-07+3.62998841e-03j -3.83370252e-05-4.26367938e-09j]
 [-3.84280502e-05-4.27386773e-09j -1.99083788e-07+3.62998846e-03j]]"
-273.318560862312j,"[[-2.00818934e-07+3.65778896e-03j -3.89260398e-05-4.37097711e-09j]
 [-3.90184651e-05-4.38140148e-09j -1.99535505e-07+3.65778896e-03j]]"
-271.2241657599188j,"[[-2.01874106e-07+3.68601752e-03j -3.95274733e-05-4.45485192e-09j]
 [-3.96213313e-05-4.46551964e-09j -2.04550236e-07+3.68601752e-03j]]"
-269.1297706575256j,"[[-2.06005915e-07+3.71468332e-03j -4.01450618e-05-4.63906205e-09j]
 [-4.02403863e-05-4.64998077e-09j -2.06917490e-07+3.71468333e-03j]]"
-267.0353755551324j,"[[-2.09345889e-07+3.74380569e-03j -4.07807983e-05-4.70613600e-09j]
 [-4.08776238e-05-4.71731364e-09j -2.10100162e-07+3.74380567e-03j]]"
-264.9409804527392j,"[[-2.10161487e-07+3.77338483e-03j -4.14282538e-05-4.82193260e-09j]
 [-4.15266161e-05-4.83337743e-09j -2.15962169e-07+3.77338473e-03j]]"
-262.84658535034606j,"[[-2.11575501e-07+3.80343925e-03j -4.20894464e-05-4.86189754e-09j]
 [-4.21893823e-05-4.87361812e-09j -2.21320165e-07+3.80343929e-03j]]"
-260.7521902479528j,"[[-2.17151661e-07+3.83396943e-03j -4.27649618e-05-5.02256116e-09j]
 [-4.28665094e-05-5.03456643e-09j -2.22641149e-07+3.83396946e-03j]]"
-258.65779514555965j,"[[-2.22769125e-07+3.86499541e-03j -4.34591176e-05-5.17115502e-09j]
 [-4.35623161e-05-5.18345428e-09j -2.24269549e-07+3.86499547e-03j]]"
-256.56340004316644j,"[[-2.26872355e-07+3.89653366e-03j -4.41714778e-05-5.27931887e-09j]
 [-4.42763680e-05-5.29192178e-09j -2.27514622e-07+3.89653363e-03j]]"
-254.46900494077326j,"[[-2.29718365e-07+3.92858405e-03j -4.48994392e-05-5.39365859e-09j]
 [-4.50060629e-05-5.40657526e-09j -2.32029986e-07+3.92858404e-03j]]"
-252.37460983838005j,"[[-2.34264567e-07+3.96116507e-03j -4.56445818e-05-5.51850815e-09j]
 [-4.57529824e-05-5.53174907e-09j -2.35206881e-07+3.96116514e-03j]]"
-250.28021473598685j,"[[-2.41716040e-07+3.99429054e-03j -4.64083843e-05-5.65712614e-09j]
 [-4.65186065e-05-5.67070225e-09j -2.35591728e-07+3.99429055e-03j]]"
-248.18581963359364j,"[[-2.39841917e-07+4.02797501e-03j -4.71921722e-05-5.83767531e-09j]
 [-4.73042624e-05-5.85159802e-09j -2.45625774e-07+4.02797478e-03j]]"
-246.09142453120046j,"[[-2.39718067e-07+4.06223536e-03j -4.79976336e-05-5.98601198e-09j]
 [-4.81116396e-05-6.00029319e-09j -2.54140087e-07+4.06223540e-03j]]"
-243.99702942880728j,"[[-2.43444266e-07+4.09708346e-03j -4.88250549e-05-6.16959712e-09j]
 [-4.89410263e-05-6.18424924e-09j -2.58762889e-07+4.09708347e-03j]]"
-241.90263432641407j,"[[-2.48542652e-07+4.13252947e-03j -4.96754656e-05-6.34382890e-09j]
 [-4.97934536e-05-6.35886490e-09j -2.62316739e-07+4.13252948e-03j]]"
-239.80823922402087j,"[[-2.52242415e-07+4.16859633e-03j -5.05507872e-05-6.54815471e-09j]
 [-5.06708450e-05-6.56358812e-09j -2.67781918e-07+4.16859628e-03j]]"
-237.71384412162766j,"[[-2.55019653e-07+4.20530317e-03j -5.14505242e-05-6.71727659e-09j]
 [-5.15727066e-05-6.73312151e-09j -2.74269948e-07+4.20530327e-03j]]"
-235.61944901923448j,"[[-2.64655955e-07+4.24266162e-03j -5.23684317e-05-6.78212141e-09j]
 [-5.24927956e-05-6.79839261e-09j -2.73872062e-07+4.24266166e-03j]]"
-233.5250539168413j,"[[-2.67475367e-07+4.28068224e-03j -5.33090594e-05-7.00755033e-09j]
 [-5.34356638e-05-7.02426325e-09j -2.80711468e-07+4.28068222e-03j]]"
-231.4306588144481j,"[[-2.71022866e-07+4.31939217e-03j -5.42772134e-05-7.20873097e-09j]
 [-5.44061194e-05-7.22590176e-09j -2.87184104e-07+4.31939210e-03j]]"
-229.33626371205492j,"[[-2.73840821e-07+4.35881189e-03j -5.52724224e-05-7.39863960e-09j]
 [-5.54036933e-05-7.41628512e-09j -2.94741877e-07+4.35881192e-03j]]"
-227.24186860966168j,"[[-2.79678842e-07+4.39895815e-03j -5.62918214e-05-7.55722341e-09j]
 [-5.64255230e-05-7.57536131e-09j -2.99201258e-07+4.39895820e-03j]]"
-225.1474735072685j,"[[-2.84618467e-07+4.43984565e-03j -5.73386662e-05-7.75094204e-09j]
 [-5.74748665e-05-7.76959083e-09j -3.05168956e-07+4.43984553e-03j]]"
-223.05307840487532j,"[[-2.86081094e-07+4.48150241e-03j -5.84126803e-05-7.94946459e-09j]
 [-5.85514500e-05-7.96864364e-09j -3.14813926e-07+4.48150242e-03j]]"
-220.95868330248211j,"[[-2.93905637e-07+4.52394613e-03j -5.95148164e-05-8.13705725e-09j]
 [-5.96562290e-05-8.15678685e-09j -3.18310386e-07+4.52394620e-03j]]"
-218.86428820008894j,"[[-3.04286870e-07+4.56719905e-03j -6.06498196e-05-8.43287364e-09j]
 [-6.07939513e-05-8.45317507e-09j -3.19702618e-07+4.56719918e-03j]]"
-216.7698930976957j,"[[-3.09785375e-07+4.61129070e-03j -6.18201567e-05-8.67812006e-09j]
 [-6.19670866e-05-8.69901563e-09j -3.26498765e-07+4.61129058e-03j]]"
-214.67549799530252j,"[[-3.11928478e-07+4.65624390e-03j -6.30257476e-05-8.94404444e-09j]
 [-6.31755580e-05-8.96555755e-09j -3.36715086e-07+4.65624379e-03j]]"
-212.58110289290934j,"[[-3.13983685e-07+4.70207732e-03j -6.42636234e-05-9.17367519e-09j]
 [-6.44164000e-05-9.19583042e-09j -3.47312985e-07+4.70207725e-03j]]"
-210.48670779051614j,"[[-3.25468628e-07+4.74881878e-03j -6.55439577e-05-9.55093187e-09j]
 [-6.56997893e-05-9.57375506e-09j -3.49204755e-07+4.74881896e-03j]]"
-208.39231268812296j,"[[-3.31558524e-07+4.79650213e-03j -6.68684182e-05-9.94063889e-09j]
 [-6.70273973e-05-9.96415714e-09j -3.56682344e-07+4.79650201e-03j]]"
-206.29791758572972j,"[[-3.36904554e-07+4.84515464e-03j -6.82390445e-05-1.02594667e-08j]
 [-6.84012676e-05-1.02837085e-08j -3.65416267e-07+4.84515468e-03j]]"
-204.20352248333654j,"[[-3.47903019e-07+4.89480309e-03j -6.96517174e-05-1.05492615e-08j]
 [-6.98172847e-05-1.05742569e-08j -3.68897095e-07+4.89480314e-03j]]"
-202.10912738094336j,"[[-3.56750437e-07+4.94547794e-03j -7.11009333e-05-1.07464189e-08j]
 [-7.12699493e-05-1.07721994e-08j -3.74835144e-07+4.94547792e-03j]]"
-200.01473227855016j,"[[-3.65522076e-07+4.99721268e-03j -7.25954337e-05-1.12000233e-08j]
 [-7.27680074e-05-1.12266221e-08j -3.81572055e-07+4.99721280e-03j]]"
-197.92033717615698j,"[[-3.76292796e-07+5.05004127e-03j -7.41426347e-05-1.15262581e-08j]
 [-7.43188795e-05-1.15537103e-08j -3.86554749e-07+5.05004126e-03j]]"
-195.8259420737638j,"[[-3.86228966e-07+5.10399046e-03j -7.57383416e-05-1.19888370e-08j]
 [-7.59183759e-05-1.20171795e-08j -3.92794473e-07+5.10399055e-03j]]"
-193.73154697137056j,"[[-3.95811689e-07+5.15911179e-03j -7.73934446e-05-1.23695388e-08j]
 [-7.75773919e-05-1.23988104e-08j -4.00679075e-07+5.15911184e-03j]]"
-191.63715186897738j,"[[-4.04057430e-07+5.21544922e-03j -7.90917711e-05-1.25839516e-08j]
 [-7.92797605e-05-1.26141934e-08j -4.09650922e-07+5.21544915e-03j]]"
-189.54275676658418j,"[[-4.08734610e-07+5.27300753e-03j -8.08458597e-05-1.31848108e-08j]
 [-8.10380257e-05-1.32160662e-08j -4.22844648e-07+5.27300742e-03j]]"
-187.448361664191j,"[[-4.15864226e-07+5.33186087e-03j -8.26673934e-05-1.36123463e-08j]
 [-8.28638769e-05-1.36446611e-08j -4.34749428e-07+5.33186077e-03j]]"
-185.35396656179782j,"[[-4.24849421e-07+5.39205555e-03j -8.45463113e-05-1.39924893e-08j]
 [-8.47472594e-05-1.40259118e-08j -4.45203573e-07+5.39205556e-03j]]"
-183.25957145940458j,"[[-4.33029061e-07+5.45361728e-03j -8.64838804e-05-1.44282699e-08j]
 [-8.66894470e-05-1.44628514e-08j -4.56586708e-07+5.45361715e-03j]]"
-181.1651763570114j,"[[-4.34859624e-07+5.51658662e-03j -8.84938530e-05-1.51130242e-08j]
 [-8.87041992e-05-1.51488189e-08j -4.75229768e-07+5.51658655e-03j]]"
-179.0707812546182j,"[[-4.46732403e-07+5.58102612e-03j -9.05808765e-05-1.55993681e-08j]
 [-9.07961709e-05-1.56364335e-08j -4.84751535e-07+5.58102631e-03j]]"
-176.97638615222502j,"[[-4.65833699e-07+5.64698384e-03j -9.27413904e-05-1.62133266e-08j]
 [-9.29618097e-05-1.62517236e-08j -4.87787529e-07+5.64698393e-03j]]"
-174.88199104983184j,"[[-4.76533245e-07+5.71452929e-03j -9.49832098e-05-1.67771731e-08j]
 [-9.52089392e-05-1.68169662e-08j -5.00319530e-07+5.71452916e-03j]]"
-172.7875959474386j,"[[-4.86583514e-07+5.78370685e-03j -9.73051419e-05-1.74628834e-08j]
 [-9.75363756e-05-1.75041410e-08j -5.13700016e-07+5.78370701e-03j]]"
-170.69320084504542j,"[[-5.03396575e-07+5.85457568e-03j -9.97226953e-05-1.81700068e-08j]
 [-9.99596370e-05-1.82128018e-08j -5.21870323e-07+5.85457564e-03j]]"
-168.59880574265222j,"[[-5.17582712e-07+5.92721460e-03j -1.02223388e-04-1.87295329e-08j]
 [-1.02466252e-04-1.87739425e-08j -5.33323079e-07+5.92721472e-03j]]"
-166.50441064025904j,"[[-5.37731085e-07+6.00166936e-03j -1.04813270e-04-1.92717318e-08j]
 [-1.05062281e-04-1.93178384e-08j -5.39460762e-07+6.00166941e-03j]]"
-164.41001553786583j,"[[-5.48316592e-07+6.07800975e-03j -1.07486610e-04-1.99089224e-08j]
 [-1.07742004e-04-1.99568134e-08j -5.56413767e-07+6.07800964e-03j]]"
-162.31562043547265j,"[[-5.59332949e-07+6.15632580e-03j -1.10262813e-04-2.07409637e-08j]
 [-1.10524839e-04-2.07907325e-08j -5.74167595e-07+6.15632556e-03j]]"
-160.22122533307945j,"[[-5.61344772e-07+6.23667641e-03j -1.13155934e-04-2.16845941e-08j]
 [-1.13424853e-04-2.17363402e-08j -6.01629363e-07+6.23667614e-03j]]"
-158.12683023068624j,"[[-5.72116844e-07+6.31914632e-03j -1.16174121e-04-2.27023663e-08j]
 [-1.16450209e-04-2.27561958e-08j -6.22045784e-07+6.31914636e-03j]]"
-156.03243512829306j,"[[-5.95893165e-07+6.40384737e-03j -1.19311527e-04-2.33070883e-08j]
 [-1.19595075e-04-2.33631145e-08j -6.30633940e-07+6.40384752e-03j]]"
-153.93804002589988j,"[[-6.15369641e-07+6.49082965e-03j -1.22558063e-04-2.42693080e-08j]
 [-1.22849377e-04-2.43276522e-08j -6.44156131e-07+6.49082983e-03j]]"
-151.84364492350667j,"[[-6.39009473e-07+6.58020077e-03j -1.25951716e-04-2.55097731e-08j]
 [-1.26251119e-04-2.55705649e-08j -6.55662358e-07+6.58020080e-03j]]"
-149.74924982111347j,"[[-6.52180623e-07+6.67207815e-03j -1.29501487e-04-2.66021971e-08j]
 [-1.29809322e-04-2.66655754e-08j -6.79065957e-07+6.67207784e-03j]]"
-147.65485471872026j,"[[-6.59658711e-07+6.76655359e-03j -1.33186846e-04-2.75257552e-08j]
 [-1.33503474e-04-2.75918686e-08j -7.09193009e-07+6.76655353e-03j]]"
-145.56045961632708j,"[[-6.78771143e-07+6.86372525e-03j -1.37039129e-04-2.90028269e-08j]
 [-1.37364931e-04-2.90718354e-08j -7.29563977e-07+6.86372519e-03j]]"
-143.4660645139339j,"[[-7.05521981e-07+6.96373880e-03j -1.41067450e-04-3.01936274e-08j]
 [-1.41402831e-04-3.02657023e-08j -7.44378306e-07+6.96373902e-03j]]"
-141.3716694115407j,"[[-7.33066521e-07+7.06671837e-03j -1.45265591e-04-3.13583646e-08j]
 [-1.45610980e-04-3.14336902e-08j -7.60074659e-07+7.06671845e-03j]]"
-139.2772743091475j,"[[-7.58632333e-07+7.17277343e-03j -1.49644316e-04-3.28090623e-08j]
 [-1.50000167e-04-3.28878372e-08j -7.79354164e-07+7.17277358e-03j]]"
-137.1828792067543j,"[[-7.75756441e-07+7.28204849e-03j -1.54233080e-04-3.45199489e-08j]
 [-1.54599877e-04-3.46023871e-08j -8.09198917e-07+7.28204804e-03j]]"
-135.0884841043611j,"[[-7.86306594e-07+7.39471109e-03j -1.59046003e-04-3.60833499e-08j]
 [-1.59424257e-04-3.61696820e-08j -8.48544129e-07+7.39471072e-03j]]"
-132.99408900196792j,"[[-8.02720595e-07+7.51091564e-03j -1.64080777e-04-3.78746023e-08j]
 [-1.64471034e-04-3.79650773e-08j -8.83423012e-07+7.51091600e-03j]]"
-130.89969389957471j,"[[-8.55558871e-07+7.63080327e-03j -1.69375029e-04-3.99183194e-08j]
 [-1.69777870e-04-4.00132069e-08j -8.84510446e-07+7.63080383e-03j]]"
-128.8052987971815j,"[[-8.98181048e-07+7.75458940e-03j -1.74924938e-04-4.16573784e-08j]
 [-1.75340982e-04-4.17569700e-08j -8.99287174e-07+7.75458952e-03j]]"
-126.71090369478833j,"[[-9.17736609e-07+7.88246897e-03j -1.80739532e-04-4.37430362e-08j]
 [-1.81169438e-04-4.38476478e-08j -9.39333733e-07+7.88246849e-03j]]"
-124.61650859239512j,"[[-9.37800501e-07+8.01462553e-03j -1.86850135e-04-4.58841421e-08j]
 [-1.87294607e-04-4.59941170e-08j -9.82421873e-07+8.01462563e-03j]]"
-122.52211349000193j,"[[-9.81747034e-07+8.15129582e-03j -1.93270405e-04-4.84018709e-08j]
 [-1.93730196e-04-4.85175818e-08j -1.00390252e-06+8.15129591e-03j]]"
-120.42771838760875j,"[[-9.99476126e-07+8.29268589e-03j -2.00054043e-04-5.11938995e-08j]
 [-2.00529959e-04-5.13157526e-08j -1.05576656e-06+8.29268556e-03j]]"
-118.33332328521554j,"[[-1.04589589e-06+8.43907549e-03j -2.07189407e-04-5.37428768e-08j]
 [-2.07682312e-04-5.38713144e-08j -1.08264535e-06+8.43907580e-03j]]"
-116.23892818282235j,"[[-1.08946641e-06+8.59070527e-03j -2.14701690e-04-5.65162453e-08j]
 [-2.15212509e-04-5.66517507e-08j -1.11540335e-06+8.59070533e-03j]]"
-114.14453308042914j,"[[-1.12952995e-06+8.74785739e-03j -2.22635109e-04-6.00221751e-08j]
 [-2.23164836e-04-6.01652767e-08j -1.15663252e-06+8.74785733e-03j]]"
-112.05013797803595j,"[[-1.16432204e-06+8.91085887e-03j -2.31032883e-04-6.35280709e-08j]
 [-2.31582589e-04-6.36793472e-08j -1.20724509e-06+8.91085894e-03j]]"
-109.95574287564277j,"[[-1.21994752e-06+9.08002746e-03j -2.39936102e-04-6.75145544e-08j]
 [-2.40506938e-04-6.76746404e-08j -1.24279998e-06+9.08002776e-03j]]"
-107.86134777324956j,"[[-1.25986984e-06+9.25577803e-03j -2.49336486e-04-7.06896958e-08j]
 [-2.49929694e-04-7.08592882e-08j -1.29951719e-06+9.25577738e-03j]]"
-105.76695267085637j,"[[-1.29119139e-06+9.43843746e-03j -2.59258627e-04-7.48168906e-08j]
 [-2.59875549e-04-7.49967576e-08j -1.36973551e-06+9.43843644e-03j]]"
-103.67255756846318j,"[[-1.29819367e-06+9.62844891e-03j -2.69802903e-04-7.97711346e-08j]
 [-2.70444988e-04-7.99621229e-08j -1.47075028e-06+9.62844821e-03j]]"
-101.57816246606997j,"[[-1.35278536e-06+9.82623744e-03j -2.80976699e-04-8.41292922e-08j]
 [-2.81645520e-04-8.43323382e-08j -1.53013847e-06+9.82623786e-03j]]"
-99.48376736367679j,"[[-1.43372326e-06+1.00322899e-02j -2.92867448e-04-9.01029205e-08j]
 [-2.93564708e-04-9.03190611e-08j -1.57107304e-06+1.00322903e-02j]]"
-97.38937226128358j,"[[-1.50157568e-06+1.02471641e-02j -3.05554672e-04-9.60937641e-08j]
 [-3.06282225e-04-9.63241497e-08j -1.63337987e-06+1.02471642e-02j]]"
-95.29497715889039j,"[[-1.58444957e-06+1.04714136e-02j -3.19104616e-04-1.02943944e-07j]
 [-3.19864479e-04-1.03189854e-07j -1.68817889e-06+1.04714141e-02j]]"
-93.2005820564972j,"[[-1.66654389e-06+1.07056846e-02j -3.33573217e-04-1.09767828e-07j]
 [-3.34367592e-04-1.10030690e-07j -1.75447708e-06+1.07056845e-02j]]"
-91.10618695410399j,"[[-1.73001276e-06+1.09506802e-02j -3.49048555e-04-1.17467198e-07j]
 [-3.49879845e-04-1.17748606e-07j -1.85007132e-06+1.09506799e-02j]]"
-89.01179185171081j,"[[-1.80767485e-06+1.12071576e-02j -3.65593981e-04-1.25473920e-07j]
 [-3.66464821e-04-1.25775659e-07j -1.94136352e-06+1.12071575e-02j]]"
-86.91739674931762j,"[[-1.87027712e-06+1.14758709e-02j -3.83335417e-04-1.34790404e-07j]
 [-3.84248698e-04-1.35114481e-07j -2.05874423e-06+1.14758703e-02j]]"
-84.82300164692441j,"[[-1.97065303e-06+1.17577063e-02j -4.02400018e-04-1.44874449e-07j]
 [-4.03358918e-04-1.45223126e-07j -2.15327818e-06+1.17577070e-02j]]"
-82.72860654453122j,"[[-2.10088575e-06+1.20537372e-02j -4.22949162e-04-1.56927290e-07j]
 [-4.23957185e-04-1.57303120e-07j -2.23361582e-06+1.20537379e-02j]]"
-80.63421144213802j,"[[-2.24266735e-06+1.23650405e-02j -4.45134162e-04-1.68996499e-07j]
 [-4.46195180e-04-1.69402375e-07j -2.31773453e-06+1.23650407e-02j]]"
-78.53981633974483j,"[[-2.34540385e-06+1.26927879e-02j -4.69057101e-04-1.81939996e-07j]
 [-4.70175406e-04-1.82379208e-07j -2.45825514e-06+1.26927878e-02j]]"
-76.44542123735162j,"[[-2.49915821e-06+1.30382945e-02j -4.94933131e-04-1.97479922e-07j]
 [-4.96113488e-04-1.97956224e-07j -2.56797307e-06+1.30382957e-02j]]"
-74.35102613495845j,"[[-2.66440284e-06+1.34030211e-02j -5.23027239e-04-2.14353463e-07j]
 [-5.24274959e-04-2.14871153e-07j -2.68786999e-06+1.34030204e-02j]]"
-72.25663103256524j,"[[-2.77271628e-06+1.37886535e-02j -5.53574538e-04-2.33715041e-07j]
 [-5.54895553e-04-2.34279057e-07j -2.89143060e-06+1.37886524e-02j]]"
-70.16223593017205j,"[[-2.91250942e-06+1.41971248e-02j -5.86914003e-04-2.55720610e-07j]
 [-5.88314965e-04-2.56336644e-07j -3.09155473e-06+1.41971247e-02j]]"
-68.06784082777885j,"[[-3.11326466e-06+1.46304067e-02j -6.23377332e-04-2.79668169e-07j]
 [-6.24865720e-04-2.80342820e-07j -3.25992458e-06+1.46304072e-02j]]"
-65.97344572538566j,"[[-3.34438494e-06+1.50908403e-02j -6.63350603e-04-3.07272490e-07j]
 [-6.64934859e-04-3.08013437e-07j -3.43408483e-06+1.50908417e-02j]]"
-63.87905062299246j,"[[-3.61406029e-06+1.55810124e-02j -7.07275822e-04-3.37975095e-07j]
 [-7.08965513e-04-3.38791318e-07j -3.60781537e-06+1.55810134e-02j]]"
-61.784655520599266j,"[[-3.86513361e-06+1.61039387e-02j -7.55746685e-04-3.73996247e-07j]
 [-7.57552690e-04-3.74898298e-07j -3.84733798e-06+1.61039374e-02j]]"
-59.690260418206066j,"[[-4.06629040e-06+1.66630458e-02j -8.09363754e-04-4.13643286e-07j]
 [-8.11298503e-04-4.14643627e-07j -4.18930238e-06+1.66630445e-02j]]"
-57.59586531581288j,"[[-4.34740134e-06+1.72621755e-02j -8.68795424e-04-4.58827576e-07j]
 [-8.70873182e-04-4.59941020e-07j -4.50823026e-06+1.72621760e-02j]]"
-55.50147021341968j,"[[-4.66383778e-06+1.79057692e-02j -9.34969207e-04-5.12092896e-07j]
 [-9.37206426e-04-5.13337153e-07j -4.86074405e-06+1.79057670e-02j]]"
-53.40707511102648j,"[[-4.92070694e-06+1.85989122e-02j -1.00898024e-03-5.73503457e-07j]
 [-1.01139599e-03-5.74899840e-07j -5.34939324e-06+1.85989102e-02j]]"
-51.312680008633286j,"[[-5.32961245e-06+1.93474076e-02j -1.09205399e-03-6.45375594e-07j]
 [-1.09467052e-03-6.46949952e-07j -5.77105818e-06+1.93474093e-02j]]"
-49.21828490624009j,"[[-5.89100519e-06+2.01579987e-02j -1.18596620e-03-7.32838166e-07j]
 [-1.18880959e-03-7.34622082e-07j -6.14962768e-06+2.01579995e-02j]]"
-47.1238898038469j,"[[-6.39523356e-06+2.10390360e-02j -1.29251378e-03-8.31983371e-07j]
 [-1.29561484e-03-8.34015733e-07j -6.71416668e-06+2.10390350e-02j]]"
-45.0294947014537j,"[[-6.90439302e-06+2.19999085e-02j -1.41400896e-03-9.51964268e-07j]
 [-1.41740434e-03-9.54293425e-07j -7.41603109e-06+2.19999060e-02j]]"
-42.9350995990605j,"[[-7.60019993e-06+2.30520580e-02j -1.55330617e-03-1.09151262e-06j]
 [-1.55703980e-03-1.09419926e-06j -8.11006957e-06+2.30520597e-02j]]"
-40.84070449666731j,"[[-8.47539138e-06+2.42085765e-02j -1.71391116e-03-1.26300501e-06j]
 [-1.71803615e-03-1.26612619e-06j -8.82192649e-06+2.42085771e-02j]]"
-38.746309394274114j,"[[-9.24954877e-06+2.54855632e-02j -1.90054929e-03-1.47224480e-06j]
 [-1.90513047e-03-1.47589951e-06j -9.88539129e-06+2.54855604e-02j]]"
-36.65191429188092j,"[[-1.02791869e-05+2.69026522e-02j -2.11948091e-03-1.73874767e-06j]
 [-2.12459826e-03-1.74306477e-06j -1.10111466e-05+2.69026526e-02j]]"
-34.55751918948773j,"[[-1.15194631e-05+2.84845012e-02j -2.37853858e-03-2.06085831e-06j]
 [-2.38429187e-03-2.06600793e-06j -1.23038631e-05+2.84845027e-02j]]"
-32.46312408709453j,"[[-1.30109819e-05+3.02605281e-02j -2.68754671e-03-2.46964705e-06j]
 [-2.69406207e-03-2.47585769e-06j -1.38093486e-05+3.02605268e-02j]]"
-30.368728984701335j,"[[-1.47693964e-05+3.22682963e-02j -3.05996284e-03-2.98782667e-06j]
 [-3.06740199e-03-2.99541084e-06j -1.56424474e-05+3.22682971e-02j]]"
-28.274333882308138j,"[[-1.68883858e-05+3.45549269e-02j -3.51468267e-03-3.67156163e-06j]
 [-3.52325647e-03-3.68095592e-06j -1.78605651e-05+3.45549196e-02j]]"
-26.179938779914945j,"[[-1.91240577e-05+3.71813205e-02j -4.07755862e-03-4.57112410e-06j]
 [-4.08754714e-03-4.58295312e-06j -2.09317851e-05+3.71813106e-02j]]"
-24.085543677521745j,"[[-2.21778808e-05+4.02270745e-02j -4.78509584e-03-5.78419709e-06j]
 [-4.79687923e-03-5.79937956e-06j -2.44753958e-05+4.02270740e-02j]]"
-21.991148575128552j,"[[-2.61859857e-05+4.37977215e-02j -5.69079163e-03-7.46349744e-06j]
 [-5.70489896e-03-7.48342901e-06j -2.87532693e-05+4.37977205e-02j]]"
-19.896753472735355j,"[[-3.14931698e-05+4.80348711e-02j -6.87438633e-03-9.83575760e-06j]
 [-6.89157605e-03-9.86264150e-06j -3.40403934e-05+4.80348803e-02j]]"
-17.802358370342162j,"[[-3.87953733e-05+5.31344752e-02j -8.45950321e-03-1.33102001e-05j]
 [-8.48090176e-03-1.33476775e-05j -4.05598971e-05+5.31344883e-02j]]"
-15.707963267948964j,"[[-4.81519862e-05+5.93705689e-02j -1.06454680e-02-1.85742143e-05j]
 [-1.06728219e-02-1.86286519e-05j -4.95370571e-05+5.93705598e-02j]]"
-13.61356816555577j,"[[-5.96026916e-05+6.71372613e-02j -1.37658950e-02-2.68717142e-05j]
 [-1.38020615e-02-2.69550564e-05j -6.29796143e-05+6.71372425e-02j]]"
-11.519173063162574j,"[[-7.68107916e-05+7.70025677e-02j -1.84178453e-02-4.07687053e-05j]
 [-1.84678305e-02-4.09055037e-05j -8.02076291e-05+7.70025807e-02j]]"
-9.42477796076938j,"[[-0.00010062+8.97910061e-02j -0.02573947-6.56319477e-05j]
 [-0.02581289-6.58792347e-05j -0.00010474+8.97909804e-02j]]"
-7.330382858376184j,"[[-0.0001341 +0.10662141j -0.03811641-0.00011488j]
 [-0.0382342 -0.00011539j -0.00013776+0.10662148j]]"
-5.235987755982989j,"[[-0.00017412+0.12838522j -0.06123176-0.00022796j]
 [-0.06144945-0.00022932j -0.00016873+0.12838532j]]"
-3.141592653589793j,"[[-9.64120962e-05+0.15035749j -1.10918156e-01-0.0005396j ]
 [-1.11442598e-01-0.00054515j -9.80686094e-05+0.15035728j]]"
-1.0471975511965976j,"[[ 0.00115454+0.11213483j -0.21963786-0.0008887j ]
 [-0.22200872-0.00094294j  0.00113014+0.11213467j]]"
1.0471975511965976j,"[[ 0.00115454-0.11213483j -0.21963786+0.0008887j ]
 [-0.22200872+0.00094294j  0.00113014-0.11213467j]]"
3.141592653589793j,"[[-9.64120962e-05-0.15035749j -1.10918156e-01+0.0005396j ]
 [-1.11442598e-01+0.00054515j -9.80686094e-05-0.15035728j]]"
5.235987755982989j,"[[-0.00017412-0.12838522j -0.06123176+0.00022796j]
 [-0.06144945+0.00022932j -0.00016873-0.12838532j]]"
7.330382858376184j,"[[-0.0001341 -0.10662141j -0.03811641+0.00011488j]
 [-0.0382342 +0.00011539j -0.00013776-0.10662148j]]"
9.42477796076938j,"[[-0.00010062-8.97910061e-02j -0.02573947+6.56319477e-05j]
 [-0.02581289+6.58792347e-05j -0.00010474-8.97909804e-02j]]"
11.519173063162574j,"[[-7.68107916e-05-7.70025677e-02j -1.84178453e-02+4.07687053e-05j]
 [-1.84678305e-02+4.09055037e-05j -8.02076291e-05-7.70025807e-02j]]"
13.61356816555577j,"[[-5.96026916e-05-6.71372613e-02j -1.37658950e-02+2.68717142e-05j]
 [-1.38020615e-02+2.69550564e-05j -6.29796143e-05-6.71372425e-02j]]"
15.707963267948964j,"[[-4.81519862e-05-5.93705689e-02j -1.06454680e-02+1.85742143e-05j]
 [-1.06728219e-02+1.86286519e-05j -4.95370571e-05-5.93705598e-02j]]"
17.802358370342162j,"[[-3.87953733e-05-5.31344752e-02j -8.45950321e-03+1.33102001e-05j]
 [-8.48090176e-03+1.33476775e-05j -4.05598971e-05-5.31344883e-02j]]"
19.896753472735355j,"[[-3.14931698e-05-4.80348711e-02j -6.87438633e-03+9.83575760e-06j]
 [-6.89157605e-03+9.86264150e-06j -3.40403934e-05-4.80348803e-02j]]"
21.991148575128552j,"[[-2.61859857e-05-4.37977215e-02j -5.69079163e-03+7.46349744e-06j]
 [-5.70489896e-03+7.48342901e-06j -2.87532693e-05-4.37977205e-02j]]"
24.085543677521745j,"[[-2.21778808e-05-4.02270745e-02j -4.78509584e-03+5.78419709e-06j]
 [-4.79687923e-03+5.79937956e-06j -2.44753958e-05-4.02270740e-02j]]"
26.179938779914945j,"[[-1.91240577e-05-3.71813205e-02j -4.07755862e-03+4.57112410e-06j]
 [-4.08754714e-03+4.58295312e-06j -2.09317851e-05-3.71813106e-02j]]"
28.274333882308138j,"[[-1.68883858e-05-3.45549269e-02j -3.51468267e-03+3.67156163e-06j]
 [-3.52325647e-03+3.68095592e-06j -1.78605651e-05-3.45549196e-02j]]"
30.368728984701335j,"[[-1.47693964e-05-3.22682963e-02j -3.05996284e-03+2.98782667e-06j]
 [-3.06740199e-03+2.99541084e-06j -1.56424474e-05-3.22682971e-02j]]"
32.46312408709453j,"[[-1.30109819e-05-3.02605281e-02j -2.68754671e-03+2.46964705e-06j]
 [-2.69406207e-03+2.47585769e-06j -1.38093486e-05-3.02605268e-02j]]"
34.55751918948773j,"[[-1.15194631e-05-2.84845012e-02j -2.37853858e-03+2.06085831e-06j]
 [-2.38429187e-03+2.06600793e-06j -1.23038631e-05-2.84845027e-02j]]"
36.65191429188092j,"[[-1.02791869e-05-2.69026522e-02j -2.11948091e-03+1.73874767e-06j]
 [-2.12459826e-03+1.74306477e-06j -1.10111466e-05-2.69026526e-02j]]"
38.746309394274114j,"[[-9.24954877e-06-2.54855632e-02j -1.90054929e-03+1.47224480e-06j]
 [-1.90513047e-03+1.47589951e-06j -9.88539129e-06-2.54855604e-02j]]"
40.84070449666731j,"[[-8.47539138e-06-2.42085765e-02j -1.71391116e-03+1.26300501e-06j]
 [-1.71803615e-03+1.26612619e-06j -8.82192649e-06-2.42085771e-02j]]"
42.9350995990605j,"[[-7.60019993e-06-2.30520580e-02j -1.55330617e-03+1.09151262e-06j]
 [-1.55703980e-03+1.09419926e-06j -8.11006957e-06-2.30520597e-02j]]"
45.0294947014537j,"[[-6.90439302e-06-2.19999085e-02j -1.41400896e-03+9.51964268e-07j]
 [-1.41740434e-03+9.54293425e-07j -7.41603109e-06-2.19999060e-02j]]"
47.1238898038469j,"[[-6.39523356e-06-2.10390360e-02j -1.29251378e-03+8.31983371e-07j]
 [-1.29561484e-03+8.34015733e-07j -6.71416668e-06-2.10390350e-02j]]"
49.21828490624009j,"[[-5.89100519e-06-2.01579987e-02j -1.18596620e-03+7.32838166e-07j]
 [-1.18880959e-03+7.34622082e-07j -6.14962768e-06-2.01579995e-02j]]"
51.312680008633286j,"[[-5.32961245e-06-1.93474076e-02j -1.09205399e-03+6.45375594e-07j]
 [-1.09467052e-03+6.46949952e-07j -5.77105818e-06-1.93474093e-02j]]"
53.40707511102648j,"[[-4.92070694e-06-1.85989122e-02j -1.00898024e-03+5.73503457e-07j]
 [-1.01139599e-03+5.74899840e-07j -5.34939324e-06-1.85989102e-02j]]"
55.50147021341968j,"[[-4.66383778e-06-1.79057692e-02j -9.34969207e-04+5.12092896e-07j]
 [-9.37206426e-04+5.13337153e-07j -4.86074405e-06-1.79057670e-02j]]"
57.59586531581288j,"[[-4.34740134e-06-1.72621755e-02j -8.68795424e-04+4.58827576e-07j]
 [-8.70873182e-04+4.59941020e-07j -4.50823026e-06-1.72621760e-02j]]"
59.690260418206066j,"[[-4.06629040e-06-1.66630458e-02j -8.09363754e-04+4.13643286e-07j]
 [-8.11298503e-04+4.14643627e-07j -4.18930238e-06-1.66630445e-02j]]"
61.784655520599266j,"[[-3.86513361e-06-1.61039387e-02j -7.55746685e-04+3.73996247e-07j]
 [-7.57552690e-04+3.74898298e-07j -3.84733798e-06-1.61039374e-02j]]"
63.87905062299246j,"[[-3.61406029e-06-1.55810124e-02j -7.07275822e-04+3.37975095e-07j]
 [-7.08965513e-04+3.38791318e-07j -3.60781537e-06-1.55810134e-02j]]"
65.97344572538566j,"[[-3.34438494e-06-1.50908403e-02j -6.63350603e-04+3.07272490e-07j]
 [-6.64934859e-04+3.08013437e-07j -3.43408483e-06-1.50908417e-02j]]"
68.06784082777885j,"[[-3.11326466e-06-1.46304067e-02j -6.23377332e-04+2.79668169e-07j]
 [-6.24865720e-04+2.80342820e-07j -3.25992458e-06-1.46304072e-02j]]"
70.16223593017205j,"[[-2.91250942e-06-1.41971248e-02j -5.86914003e-04+2.55720610e-07j]
 [-5.88314965e-04+2.56336644e-07j -3.09155473e-06-1.41971247e-02j]]"
72.25663103256524j,"[[-2.77271628e-06-1.37886535e-02j -5.53574538e-04+2.33715041e-07j]
 [-5.54895553e-04+2.34279057e-07j -2.89143060e-06-1.37886524e-02j]]"
74.35102613495845j,"[[-2.66440284e-06-1.34030211e-02j -5.23027239e-04+2.14353463e-07j]
 [-5.24274959e-04+2.14871153e-07j -2.68786999e-06-1.34030204e-02j]]"
76.44542123735162j,"[[-2.49915821e-06-1.30382945e-02j -4.94933131e-04+1.97479922e-07j]
 [-4.96113488e-04+1.97956224e-07j -2.56797307e-06-1.30382957e-02j]]"
78.53981633974483j,"[[-2.34540385e-06-1.26927879e-02j -4.69057101e-04+1.81939996e-07j]
 [-4.70175406e-04+1.82379208e-07j -2.45825514e-06-1.26927878e-02j]]"
80.63421144213802j,"[[-2.24266735e-06-1.23650405e-02j -4.45134162e-04+1.68996499e-07j]
 [-4.46195180e-04+1.69402375e-07j -2.31773453e-06-1.23650407e-02j]]"
82.72860654453122j,"[[-2.10088575e-06-1.20537372e-02j -4.22949162e-04+1.56927290e-07j]
 [-4.23957185e-04+1.57303120e-07j -2.23361582e-06-1.20537379e-02j]]"
84.82300164692441j,"[[-1.97065303e-06-1.17577063e-02j -4.02400018e-04+1.44874449e-07j]
 [-4.03358918e-04+1.45223126e-07j -2.15327818e-06-1.17577070e-02j]]"
86.91739674931762j,"[[-1.87027712e-06-1.14758709e-02j -3.83335417e-04+1.34790404e-07j]
 [-3.84248698e-04+1.35114481e-07j -2.05874423e-06-1.14758703e-02j]]"
89.01179185171081j,"[[-1.80767485e-06-1.12071576e-02j -3.65593981e-04+1.25473920e-07j]
 [-3.66464821e-04+1.25775659e-07j -1.94136352e-06-1.12071575e-02j]]"
91.10618695410399j,"[[-1.73001276e-06-1.09506802e-02j -3.49048555e-04+1.17467198e-07j]
 [-3.49879845e-04+1.17748606e-07j -1.85007132e-06-1.09506799e-02j]]"
93.2005820564972j,"[[-1.66654389e-06-1.07056846e-02j -3.33573217e-04+1.09767828e-07j]
 [-3.34367592e-04+1.10030690e-07j -1.75447708e-06-1.07056845e-02j]]"
95.29497715889039j,"[[-1.58444957e-06-1.04714136e-02j -3.19104616e-04+1.02943944e-07j]
 [-3.19864479e-04+1.03189854e-07j -1.68817889e-06-1.04714141e-02j]]"
97.38937226128358j,"[[-1.50157568e-06-1.02471641e-02j -3.05554672e-04+9.60937641e-08j]
 [-3.06282225e-04+9.63241497e-08j -1.63337987e-06-1.02471642e-02j]]"
99.48376736367679j,"[[-1.43372326e-06-1.00322899e-02j -2.92867448e-04+9.01029205e-08j]
 [-2.93564708e-04+9.03190611e-08j -1.57107304e-06-1.00322903e-02j]]"
101.57816246606997j,"[[-1.35278536e-06-9.82623744e-03j -2.80976699e-04+8.41292922e-08j]
 [-2.81645520e-04+8.43323382e-08j -1.53013847e-06-9.82623786e-03j]]"
103.67255756846318j,"[[-1.29819367e-06-9.62844891e-03j -2.69802903e-04+7.97711346e-08j]
 [-2.70444988e-04+7.99621229e-08j -1.47075028e-06-9.62844821e-03j]]"
105.76695267085637j,"[[-1.29119139e-06-9.43843746e-03j -2.59258627e-04+7.48168906e-08j]
 [-2.59875549e-04+7.49967576e-08j -1.36973551e-06-9.43843644e-03j]]"
107.86134777324956j,"[[-1.25986984e-06-9.25577803e-03j -2.49336486e-04+7.06896958e-08j]
 [-2.49929694e-04+7.08592882e-08j -1.29951719e-06-9.25577738e-03j]]"
109.95574287564277j,"[[-1.21994752e-06-9.08002746e-03j -2.39936102e-04+6.75145544e-08j]
 [-2.40506938e-04+6.76746404e-08j -1.24279998e-06-9.08002776e-03j]]"
112.05013797803595j,"[[-1.16432204e-06-8.91085887e-03j -2.31032883e-04+6.35280709e-08j]
 [-2.31582589e-04+6.36793472e-08j -1.20724509e-06-8.91085894e-03j]]"
114.14453308042914j,"[[-1.12952995e-06-8.74785739e-03j -2.22635109e-04+6.00221751e-08j]
 [-2.23164836e-04+6.01652767e-08j -1.15663252e-06-8.74785733e-03j]]"
116.23892818282235j,"[[-1.08946641e-06-8.59070527e-03j -2.14701690e-04+5.65162453e-08j]
 [-2.15212509e-04+5.66517507e-08j -1.11540335e-06-8.59070533e-03j]]"
118.33332328521554j,"[[-1.04589589e-06-8.43907549e-03j -2.07189407e-04+5.37428768e-08j]
 [-2.07682312e-04+5.38713144e-08j -1.08264535e-06-8.43907580e-03j]]"
120.42771838760875j,"[[-9.99476126e-07-8.29268589e-03j -2.00054043e-04+5.11938995e-08j]
 [-2.00529959e-04+5.13157526e-08j -1.05576656e-06-8.29268556e-03j]]"
122.52211349000193j,"[[-9.81747034e-07-8.15129582e-03j -1.93270405e-04+4.84018709e-08j]
 [-1.93730196e-04+4.85175818e-08j -1.00390252e-06-8.15129591e-03j]]"
124.61650859239512j,"[[-9.37800501e-07-8.01462553e-03j -1.86850135e-04+4.58841421e-08j]
 [-1.87294607e-04+4.59941170e-08j -9.82421873e-07-8.01462563e-03j]]"
126.71090369478833j,"[[-9.17736609e-07-7.88246897e-03j -1.80739532e-04+4.37430362e-08j]
 [-1.81169438e-04+4.38476478e-08j -9.39333733e-07-7.88246849e-03j]]"
128.8052987971815j,"[[-8.98181048e-07-7.75458940e-03j -1.74924938e-04+4.16573784e-08j]
 [-1.75340982e-04+4.17569700e-08j -8.99287174e-07-7.75458952e-03j]]"
130.89969389957471j,"[[-8.55558871e-07-7.63080327e-03j -1.69375029e-04+3.99183194e-08j]
 [-1.69777870e-04+4.00132069e-08j -8.84510446e-07-7.63080383e-03j]]"
132.99408900196792j,"[[-8.02720595e-07-7.51091564e-03j -1.64080777e-04+3.78746023e-08j]
 [-1.64471034e-04+3.79650773e-08j -8.83423012e-07-7.51091600e-03j]]"
135.0884841043611j,"[[-7.86306594e-07-7.39471109e-03j -1.59046003e-04+3.60833499e-08j]
 [-1.59424257e-04+3.61696820e-08j -8.48544129e-07-7.39471072e-03j]]"
137.1828792067543j,"[[-7.75756441e-07-7.28204849e-03j -1.54233080e-04+3.45199489e-08j]
 [-1.54599877e-04+3.46023871e-08j -8.09198917e-07-7.28204804e-03j]]"
139.2772743091475j,"[[-7.58632333e-07-7.17277343e-03j -1.49644316e-04+3.28090623e-08j]
 [-1.50000167e-04+3.28878372e-08j -7.79354164e-07-7.17277358e-03j]]"
141.3716694115407j,"[[-7.33066521e-07-7.06671837e-03j -1.45265591e-04+3.13583646e-08j]
 [-1.45610980e-04+3.14336902e-08j -7.60074659e-07-7.06671845e-03j]]"
143.4660645139339j,"[[-7.05521981e-07-6.96373880e-03j -1.41067450e-04+3.01936274e-08j]
 [-1.41402831e-04+3.02657023e-08j -7.44378306e-07-6.96373902e-03j]]"
145.56045961632708j,"[[-6.78771143e-07-6.86372525e-03j -1.37039129e-04+2.90028269e-08j]
 [-1.37364931e-04+2.90718354e-08j -7.29563977e-07-6.86372519e-03j]]"
147.65485471872026j,"[[-6.59658711e-07-6.76655359e-03j -1.33186846e-04+2.75257552e-08j]
 [-1.33503474e-04+2.75918686e-08j -7.09193009e-07-6.76655353e-03j]]"
149.74924982111347j,"[[-6.52180623e-07-6.67207815e-03j -1.29501487e-04+2.66021971e-08j]
 [-1.29809322e-04+2.66655754e-08j -6.79065957e-07-6.67207784e-03j]]"
151.84364492350667j,"[[-6.39009473e-07-6.58020077e-03j -1.25951716e-04+2.55097731e-08j]
 [-1.26251119e-04+2.55705649e-08j -6.55662358e-07-6.58020080e-03j]]"
153.93804002589988j,"[[-6.15369641e-07-6.49082965e-03j -1.22558063e-04+2.42693080e-08j]
 [-1.22849377e-04+2.43276522e-08j -6.44156131e-07-6.49082983e-03j]]"
156.03243512829306j,"[[-5.95893165e-07-6.40384737e-03j -1.19311527e-04+2.33070883e-08j]
 [-1.19595075e-04+2.33631145e-08j -6.30633940e-07-6.40384752e-03j]]"
158.12683023068624j,"[[-5.72116844e-07-6.31914632e-03j -1.16174121e-04+2.27023663e-08j]
 [-1.16450209e-04+2.27561958e-08j -6.22045784e-07-6.31914636e-03j]]"
160.22122533307945j,"[[-5.61344772e-07-6.23667641e-03j -1.13155934e-04+2.16845941e-08j]
 [-1.13424853e-04+2.17363402e-08j -6.01629363e-07-6.23667614e-03j]]"
162.31562043547265j,"[[-5.59332949e-07-6.15632580e-03j -1.10262813e-04+2.07409637e-08j]
 [-1.10524839e-04+2.07907325e-08j -5.74167595e-07-6.15632556e-03j]]"
164.41001553786583j,"[[-5.48316592e-07-6.07800975e-03j -1.07486610e-04+1.99089224e-08j]
 [-1.07742004e-04+1.99568134e-08j -5.56413767e-07-6.07800964e-03j]]"
166.50441064025904j,"[[-5.37731085e-07-6.00166936e-03j -1.04813270e-04+1.92717318e-08j]
 [-1.05062281e-04+1.93178384e-08j -5.39460762e-07-6.00166941e-03j]]"
168.59880574265222j,"[[-5.17582712e-07-5.92721460e-03j -1.02223388e-04+1.87295329e-08j]
 [-1.02466252e-04+1.87739425e-08j -5.33323079e-07-5.92721472e-03j]]"
170.69320084504542j,"[[-5.03396575e-07-5.85457568e-03j -9.97226953e-05+1.81700068e-08j]
 [-9.99596370e-05+1.82128018e-08j -5.21870323e-07-5.85457564e-03j]]"
172.7875959474386j,"[[-4.86583514e-07-5.78370685e-03j -9.73051419e-05+1.74628834e-08j]
 [-9.75363756e-05+1.75041410e-08j -5.13700016e-07-5.78370701e-03j]]"
174.88199104983184j,"[[-4.76533245e-07-5.71452929e-03j -9.49832098e-05+1.67771731e-08j]
 [-9.52089392e-05+1.68169662e-08j -5.00319530e-07-5.71452916e-03j]]"
176.97638615222502j,"[[-4.65833699e-07-5.64698384e-03j -9.27413904e-05+1.62133266e-08j]
 [-9.29618097e-05+1.62517236e-08j -4.87787529e-07-5.64698393e-03j]]"
179.0707812546182j,"[[-4.46732403e-07-5.58102612e-03j -9.05808765e-05+1.55993681e-08j]
 [-9.07961709e-05+1.56364335e-08j -4.84751535e-07-5.58102631e-03j]]"
181.1651763570114j,"[[-4.34859624e-07-5.51658662e-03j -8.84938530e-05+1.51130242e-08j]
 [-8.87041992e-05+1.51488189e-08j -4.75229768e-07-5.51658655e-03j]]"
183.25957145940458j,"[[-4.33029061e-07-5.45361728e-03j -8.64838804e-05+1.44282699e-08j]
 [-8.66894470e-05+1.44628514e-08j -4.56586708e-07-5.45361715e-03j]]"
185.35396656179782j,"[[-4.24849421e-07-5.39205555e-03j -8.45463113e-05+1.39924893e-08j]
 [-8.47472594e-05+1.40259118e-08j -4.45203573e-07-5.39205556e-03j]]"
187.448361664191j,"[[-4.15864226e-07-5.33186087e-03j -8.26673934e-05+1.36123463e-08j]
 [-8.28638769e-05+1.36446611e-08j -4.34749428e-07-5.33186077e-03j]]"
189.54275676658418j,"[[-4.08734610e-07-5.27300753e-03j -8.08458597e-05+1.31848108e-08j]
 [-8.10380257e-05+1.32160662e-08j -4.22844648e-07-5.27300742e-03j]]"
191.63715186897738j,"[[-4.04057430e-07-5.21544922e-03j -7.90917711e-05+1.25839516e-08j]
 [-7.92797605e-05+1.26141934e-08j -4.09650922e-07-5.21544915e-03j]]"
193.73154697137056j,"[[-3.95811689e-07-5.15911179e-03j -7.73934446e-05+1.23695388e-08j]
 [-7.75773919e-05+1.23988104e-08j -4.00679075e-07-5.15911184e-03j]]"
195.8259420737638j,"[[-3.86228966e-07-5.10399046e-03j -7.57383416e-05+1.19888370e-08j]
 [-7.59183759e-05+1.20171795e-08j -3.92794473e-07-5.10399055e-03j]]"
197.92033717615698j,"[[-3.76292796e-07-5.05004127e-03j -7.41426347e-05+1.15262581e-08j]
 [-7.43188795e-05+1.15537103e-08j -3.86554749e-07-5.05004126e-03j]]"
200.01473227855016j,"[[-3.65522076e-07-4.99721268e-03j -7.25954337e-05+1.12000233e-08j]
 [-7.27680074e-05+1.12266221e-08j -3.81572055e-07-4.99721280e-03j]]"
202.10912738094336j,"[[-3.56750437e-07-4.94547794e-03j -7.11009333e-05+1.07464189e-08j]
 [-7.12699493e-05+1.07721994e-08j -3.74835144e-07-4.94547792e-03j]]"
204.20352248333654j,"[[-3.47903019e-07-4.89480309e-03j -6.96517174e-05+1.05492615e-08j]
 [-6.98172847e-05+1.05742569e-08j -3.68897095e-07-4.89480314e-03j]]"
206.29791758572972j,"[[-3.36904554e-07-4.84515464e-03j -6.82390445e-05+1.02594667e-08j]
 [-6.84012676e-05+1.02837085e-08j -3.65416267e-07-4.84515468e-03j]]"
208.39231268812296j,"[[-3.31558524e-07-4.79650213e-03j -6.68684182e-05+9.94063889e-09j]
 [-6.70273973e-05+9.96415714e-09j -3.56682344e-07-4.79650201e-03j]]"
210.48670779051614j,"[[-3.25468628e-07-4.74881878e-03j -6.55439577e-05+9.55093187e-09j]
 [-6.56997893e-05+9.57375506e-09j -3.49204755e-07-4.74881896e-03j]]"
212.58110289290934j,"[[-3.13983685e-07-4.70207732e-03j -6.42636234e-05+9.17367519e-09j]
 [-6.44164000e-05+9.19583042e-09j -3.47312985e-07-4.70207725e-03j]]"
214.67549799530252j,"[[-3.11928478e-07-4.65624390e-03j -6.30257476e-05+8.94404444e-09j]
 [-6.31755580e-05+8.96555755e-09j -3.36715086e-07-4.65624379e-03j]]"
216.7698930976957j,"[[-3.09785375e-07-4.61129070e-03j -6.18201567e-05+8.67812006e-09j]
 [-6.19670866e-05+8.69901563e-09j -3.26498765e-07-4.61129058e-03j]]"
218.86428820008894j,"[[-3.04286870e-07-4.56719905e-03j -6.06498196e-05+8.43287364e-09j]
 [-6.07939513e-05+8.45317507e-09j -3.19702618e-07-4.56719918e-03j]]"
220.95868330248211j,"[[-2.93905637e-07-4.52394613e-03j -5.95148164e-05+8.13705725e-09j]
 [-5.96562290e-05+8.15678685e-09j -3.18310386e-07-4.52394620e-03j]]"
223.05307840487532j,"[[-2.86081094e-07-4.48150241e-03j -5.84126803e-05+7.94946459e-09j]
 [-5.85514500e-05+7.96864364e-09j -3.14813926e-07-4.48150242e-03j]]"
225.1474735072685j,"[[-2.84618467e-07-4.43984565e-03j -5.73386662e-05+7.75094204e-09j]
 [-5.74748665e-05+7.76959083e-09j -3.05168956e-07-4.43984553e-03j]]"
227.24186860966168j,"[[-2.79678842e-07-4.39895815e-03j -5.62918214e-05+7.55722341e-09j]
 [-5.64255230e-05+7.57536131e-09j -2.99201258e-07-4.39895820e-03j]]"
229.33626371205492j,"[[-2.73840821e-07-4.35881189e-03j -5.52724224e-05+7.39863960e-09j]
 [-5.54036933e-05+7.41628512e-09j -2.94741877e-07-4.35881192e-03j]]"
231.4306588144481j,"[[-2.71022866e-07-4.31939217e-03j -5.42772134e-05+7.20873097e-09j]
 [-5.44061194e-05+7.22590176e-09j -2.87184104e-07-4.31939210e-03j]]"
233.5250539168413j,"[[-2.67475367e-07-4.28068224e-03j -5.33090594e-05+7.00755033e-09j]
 [-5.34356638e-05+7.02426325e-09j -2.80711468e-07-4.28068222e-03j]]"
235.61944901923448j,"[[-2.64655955e-07-4.24266162e-03j -5.23684317e-05+6.78212141e-09j]
 [-5.24927956e-05+6.79839261e-09j -2.73872062e-07-4.24266166e-03j]]"
237.71384412162766j,"[[-2.55019653e-07-4.20530317e-03j -5.14505242e-05+6.71727659e-09j]
 [-5.15727066e-05+6.73312151e-09j -2.74269948e-07-4.20530327e-03j]]"
239.80823922402087j,"[[-2.52242415e-07-4.16859633e-03j -5.05507872e-05+6.54815471e-09j]
 [-5.06708450e-05+6.56358812e-09j -2.67781918e-07-4.16859628e-03j]]"
241.90263432641407j,"[[-2.48542652e-07-4.13252947e-03j -4.96754656e-05+6.34382890e-09j]
 [-4.97934536e-05+6.35886490e-09j -2.62316739e-07-4.13252948e-03j]]"
243.99702942880728j,"[[-2.43444266e-07-4.09708346e-03j -4.88250549e-05+6.16959712e-09j]
 [-4.89410263e-05+6.18424924e-09j -2.58762889e-07-4.09708347e-03j]]"
246.09142453120046j,"[[-2.39718067e-07-4.06223536e-03j -4.79976336e-05+5.98601198e-09j]
 [-4.81116396e-05+6.00029319e-09j -2.54140087e-07-4.06223540e-03j]]"
248.18581963359364j,"[[-2.39841917e-07-4.02797501e-03j -4.71921722e-05+5.83767531e-09j]
 [-4.73042624e-05+5.85159802e-09j -2.45625774e-07-4.02797478e-03j]]"
250.28021473598685j,"[[-2.41716040e-07-3.99429054e-03j -4.64083843e-05+5.65712614e-09j]
 [-4.65186065e-05+5.67070225e-09j -2.35591728e-07-3.99429055e-03j]]"
252.37460983838005j,"[[-2.34264567e-07-3.96116507e-03j -4.56445818e-05+5.51850815e-09j]
 [-4.57529824e-05+5.53174907e-09j -2.35206881e-07-3.96116514e-03j]]"
254.46900494077326j,"[[-2.29718365e-07-3.92858405e-03j -4.48994392e-05+5.39365859e-09j]
 [-4.50060629e-05+5.40657526e-09j -2.32029986e-07-3.92858404e-03j]]"
256.56340004316644j,"[[-2.26872355e-07-3.89653366e-03j -4.41714778e-05+5.27931887e-09j]
 [-4.42763680e-05+5.29192178e-09j -2.27514622e-07-3.89653363e-03j]]"
258.65779514555965j,"[[-2.22769125e-07-3.86499541e-03j -4.34591176e-05+5.17115502e-09j]
 [-4.35623161e-05+5.18345428e-09j -2.24269549e-07-3.86499547e-03j]]"
260.7521902479528j,"[[-2.17151661e-07-3.83396943e-03j -4.27649618e-05+5.02256116e-09j]
 [-4.28665094e-05+5.03456643e-09j -2.22641149e-07-3.83396946e-03j]]"
262.84658535034606j,"[[-2.11575501e-07-3.80343925e-03j -4.20894464e-05+4.86189754e-09j]
 [-4.21893823e-05+4.87361812e-09j -2.21320165e-07-3.80343929e-03j]]"
264.9409804527392j,"[[-2.10161487e-07-3.77338483e-03j -4.14282538e-05+4.82193260e-09j]
 [-4.15266161e-05+4.83337743e-09j -2.15962169e-07-3.77338473e-03j]]"
267.0353755551324j,"[[-2.09345889e-07-3.74380569e-03j -4.07807983e-05+4.70613600e-09j]
 [-4.08776238e-05+4.71731364e-09j -2.10100162e-07-3.74380567e-03j]]"
269.1297706575256j,"[[-2.06005915e-07-3.71468332e-03j -4.01450618e-05+4.63906205e-09j]
 [-4.02403863e-05+4.64998077e-09j -2.06917490e-07-3.71468333e-03j]]"
271.2241657599188j,"[[-2.01874106e-07-3.68601752e-03j -3.95274733e-05+4.45485192e-09j]
 [-3.96213313e-05+4.46551964e-09j -2.04550236e-07-3.68601752e-03j]]"
273.318560862312j,"[[-2.00818934e-07-3.65778896e-03j -3.89260398e-05+4.37097711e-09j]
 [-3.90184651e-05+4.38140148e-09j -1.99535505e-07-3.65778896e-03j]]"
275.4129559647052j,"[[-1.95239138e-07-3.62998841e-03j -3.83370252e-05+4.26367938e-09j]
 [-3.84280502e-05+4.27386773e-09j -1.99083788e-07-3.62998846e-03j]]"
277.5073510670984j,"[[-1.92551720e-07-3.60260516e-03j -3.77604929e-05+4.19833303e-09j]
 [-3.78501493e-05+4.20829244e-09j -1.95776176e-07-3.60260517e-03j]]"
279.6017461694916j,"[[-1.87023049e-07-3.57563557e-03j -3.71974169e-05+4.09126568e-09j]
 [-3.72857352e-05+4.10100296e-09j -1.95502222e-07-3.57563566e-03j]]"
281.69614127188476j,"[[-1.82318108e-07-3.54906340e-03j -3.66443247e-05+4.04393155e-09j]
 [-3.67313347e-05+4.05345325e-09j -1.94691491e-07-3.54906338e-03j]]"
283.79053637427796j,"[[-1.81369804e-07-3.52287931e-03j -3.61041272e-05+3.89966567e-09j]
 [-3.61898577e-05+3.90897813e-09j -1.90096556e-07-3.52287924e-03j]]"
285.88493147667117j,"[[-1.80822475e-07-3.49708116e-03j -3.55781788e-05+3.82555672e-09j]
 [-3.56626580e-05+3.83466600e-09j -1.85089121e-07-3.49708119e-03j]]"
287.9793265790644j,"[[-1.75574428e-07-3.47166270e-03j -3.50638042e-05+3.71985058e-09j]
 [-3.51470591e-05+3.72876255e-09j -1.85054277e-07-3.47166269e-03j]]"
290.0737216814576j,"[[-1.75704554e-07-3.44660732e-03j -3.45595721e-05+3.68802193e-09j]
 [-3.46416291e-05+3.69674226e-09j -1.79788291e-07-3.44660727e-03j]]"
292.16811678385073j,"[[-1.71723064e-07-3.42191062e-03j -3.40648766e-05+3.59633117e-09j]
 [-3.41457616e-05+3.60486531e-09j -1.78680695e-07-3.42191072e-03j]]"
294.26251188624394j,"[[-1.65386967e-07-3.39756694e-03j -3.35807210e-05+3.51724046e-09j]
 [-3.36604587e-05+3.52559367e-09j -1.80095179e-07-3.39756701e-03j]]"
296.35690698863715j,"[[-1.61369796e-07-3.37356389e-03j -3.31085747e-05+3.42848835e-09j]
 [-3.31871895e-05+3.43666572e-09j -1.79221607e-07-3.37356390e-03j]]"
298.45130209103036j,"[[-1.59355178e-07-3.34989983e-03j -3.26446524e-05+3.40125798e-09j]
 [-3.27221677e-05+3.40926440e-09j -1.76451877e-07-3.34989981e-03j]]"
300.54569719342356j,"[[-1.59805189e-07-3.32656759e-03j -3.21880656e-05+3.32953619e-09j]
 [-3.22645044e-05+3.33737639e-09j -1.71287464e-07-3.32656749e-03j]]"
302.6400922958167j,"[[-1.59453731e-07-3.30355684e-03j -3.17434221e-05+3.20324979e-09j]
 [-3.18188067e-05+3.21092835e-09j -1.67162862e-07-3.30355691e-03j]]"
304.7344873982099j,"[[-1.52525360e-07-3.28085875e-03j -3.13104050e-05+3.15176337e-09j]
 [-3.13847569e-05+3.15928469e-09j -1.69605108e-07-3.28085881e-03j]]"
306.82888250060313j,"[[-1.49303668e-07-3.25847693e-03j -3.08857072e-05+3.06656182e-09j]
 [-3.09590476e-05+3.07393017e-09j -1.68282399e-07-3.25847697e-03j]]"
308.92327760299634j,"[[-1.47817441e-07-3.23639722e-03j -3.04711518e-05+3.01687105e-09j]
 [-3.05435013e-05+3.02409054e-09j -1.65698928e-07-3.23639716e-03j]]"
311.01767270538954j,"[[-1.49330846e-07-3.21460857e-03j -3.00612020e-05+3.00096621e-09j]
 [-3.01325804e-05+3.00804085e-09j -1.59956809e-07-3.21460849e-03j]]"
313.1120678077827j,"[[-1.50295407e-07-3.19311445e-03j -2.96594433e-05+2.91375218e-09j]
 [-2.97298700e-05+2.92068580e-09j -1.54829306e-07-3.19311441e-03j]]"
315.2064629101759j,"[[-1.49161697e-07-3.17190541e-03j -2.92653243e-05+2.89273225e-09j]
 [-2.93348183e-05+2.89952858e-09j -1.51946807e-07-3.17190536e-03j]]"
317.3008580125691j,"[[-1.48489677e-07-3.15097571e-03j -2.88778718e-05+2.81743774e-09j]
 [-2.89464515e-05+2.82410038e-09j -1.48632017e-07-3.15097569e-03j]]"
319.3952531149623j,"[[-1.46561313e-07-3.13032204e-03j -2.84992368e-05+2.77283169e-09j]
 [-2.85669201e-05+2.77936412e-09j -1.46696419e-07-3.13032207e-03j]]"
321.4896482173555j,"[[-1.43759050e-07-3.10993440e-03j -2.81258687e-05+2.74021690e-09j]
 [-2.81926730e-05+2.74662250e-09j -1.45712871e-07-3.10993441e-03j]]"
323.5840433197487j,"[[-1.40657687e-07-3.08981219e-03j -2.77597190e-05+2.68043152e-09j]
 [-2.78256614e-05+2.68671353e-09j -1.45054269e-07-3.08981226e-03j]]"
325.6784384221419j,"[[-1.37273323e-07-3.06995317e-03j -2.74006901e-05+2.63363304e-09j]
 [-2.74657872e-05+2.63979463e-09j -1.44660278e-07-3.06995315e-03j]]"
327.7728335245351j,"[[-1.36472165e-07-3.05034673e-03j -2.70492023e-05+2.56282457e-09j]
 [-2.71134701e-05+2.56886879e-09j -1.41952967e-07-3.05034674e-03j]]"
329.8672286269283j,"[[-1.35322185e-07-3.03098679e-03j -2.67048434e-05+2.50169867e-09j]
 [-2.67682978e-05+2.50762850e-09j -1.39600788e-07-3.03098677e-03j]]"
331.9616237293215j,"[[-1.32748969e-07-3.01186921e-03j -2.63697793e-05+2.42336840e-09j]
 [-2.64324356e-05+2.42918671e-09j -1.38769409e-07-3.01186927e-03j]]"
334.05601883171465j,"[[-1.29692758e-07-2.99299105e-03j -2.60416614e-05+2.37591834e-09j]
 [-2.61035345e-05+2.38162790e-09j -1.38425176e-07-2.99299103e-03j]]"
336.15041393410786j,"[[-1.29762966e-07-2.97434871e-03j -2.57191789e-05+2.35239483e-09j]
 [-2.57802834e-05+2.35799833e-09j -1.34997723e-07-2.97434871e-03j]]"
338.24480903650107j,"[[-1.27240994e-07-2.95593810e-03j -2.54005569e-05+2.33825958e-09j]
 [-2.54609071e-05+2.34375964e-09j -1.34203673e-07-2.95593809e-03j]]"
340.3392041388942j,"[[-1.26351374e-07-2.93775670e-03j -2.50881435e-05+2.25002875e-09j]
 [-2.51477533e-05+2.25542789e-09j -1.31886930e-07-2.93775671e-03j]]"
342.4335992412875j,"[[-1.23127691e-07-2.91979512e-03j -2.47839716e-05+2.20124802e-09j]
 [-2.48428545e-05+2.20654869e-09j -1.32029177e-07-2.91979515e-03j]]"
344.52799434368063j,"[[-1.22259606e-07-2.90205184e-03j -2.44856275e-05+2.15861231e-09j]
 [-2.45437967e-05+2.16381691e-09j -1.29776414e-07-2.90205179e-03j]]"
346.62238944607384j,"[[-1.22160419e-07-2.88452187e-03j -2.41915522e-05+2.15340561e-09j]
 [-2.42490206e-05+2.15851643e-09j -1.26869758e-07-2.88452189e-03j]]"
348.71678454846705j,"[[-1.19165261e-07-2.86720205e-03j -2.39013827e-05+2.10361462e-09j]
 [-2.39581628e-05+2.10863390e-09j -1.26880479e-07-2.86720207e-03j]]"
350.8111796508602j,"[[-1.17669620e-07-2.85008821e-03j -2.36180509e-05+2.04276837e-09j]
 [-2.36741552e-05+2.04769830e-09j -1.25490709e-07-2.85008820e-03j]]"
352.9055747532534j,"[[-1.16665845e-07-2.83317624e-03j -2.33396379e-05+2.03293461e-09j]
 [-2.33950783e-05+2.03777729e-09j -1.23596594e-07-2.83317623e-03j]]"
354.9999698556466j,"[[-1.15338277e-07-2.81646719e-03j -2.30652664e-05+2.00200459e-09j]
 [-2.31200545e-05+2.00676207e-09j -1.22022863e-07-2.81646721e-03j]]"
357.09436495803976j,"[[-1.12484719e-07-2.79995406e-03j -2.27947793e-05+1.97107431e-09j]
 [-2.28489267e-05+1.97574856e-09j -1.22146905e-07-2.79995413e-03j]]"
359.188760060433j,"[[-1.10345392e-07-2.78363229e-03j -2.25284666e-05+1.95122186e-09j]
 [-2.25819844e-05+1.95581483e-09j -1.21558350e-07-2.78363226e-03j]]"
361.28315516282623j,"[[-1.10001394e-07-2.76750064e-03j -2.22685061e-05+1.87631449e-09j]
 [-2.23214052e-05+1.88082804e-09j -1.19203555e-07-2.76750062e-03j]]"
363.37755026521944j,"[[-1.08871026e-07-2.75155417e-03j -2.20130178e-05+1.86658333e-09j]
 [-2.20653089e-05+1.87101929e-09j -1.17724308e-07-2.75155417e-03j]]"
365.4719453676126j,"[[-1.07306631e-07-2.73579118e-03j -2.17620749e-05+1.81889769e-09j]
 [-2.18137685e-05+1.82325782e-09j -1.16639152e-07-2.73579119e-03j]]"
367.5663404700058j,"[[-1.07095692e-07-2.72020926e-03j -2.15141553e-05+1.83480962e-09j]
 [-2.15652615e-05+1.83909564e-09j -1.14326400e-07-2.72020920e-03j]]"
369.660735572399j,"[[-1.07040586e-07-2.70480156e-03j -2.12690715e-05+1.77803398e-09j]
 [-2.13196002e-05+1.78224756e-09j -1.11946872e-07-2.70480152e-03j]]"
371.75513067479216j,"[[-1.08195008e-07-2.68956701e-03j -2.10305975e-05+1.71847359e-09j]
 [-2.10805585e-05+1.72261636e-09j -1.08258334e-07-2.68956698e-03j]]"
373.84952577718536j,"[[-1.06716115e-07-2.67450425e-03j -2.07983453e-05+1.67677002e-09j]
 [-2.08477481e-05+1.68084355e-09j -1.07407910e-07-2.67450424e-03j]]"
375.94392087957857j,"[[-1.05859745e-07-2.65960645e-03j -2.05689887e-05+1.67857553e-09j]
 [-2.06178426e-05+1.68258136e-09j -1.05869398e-07-2.65960645e-03j]]"
378.0383159819717j,"[[-1.04126861e-07-2.64487590e-03j -2.03409465e-05+1.66915917e-09j]
 [-2.03892606e-05+1.67309879e-09j -1.05219539e-07-2.64487593e-03j]]"
380.132711084365j,"[[-1.00288743e-07-2.63030706e-03j -2.01173125e-05+1.61923090e-09j]
 [-2.01650957e-05+1.62310576e-09j -1.06773644e-07-2.63030711e-03j]]"
382.2271061867582j,"[[-9.91153954e-08-2.61589880e-03j -1.98983036e-05+1.59447150e-09j]
 [-1.99455647e-05+1.59828301e-09j -1.05644632e-07-2.61589877e-03j]]"
384.3215012891514j,"[[-9.88602690e-08-2.60164811e-03j -1.96831182e-05+1.55739908e-09j]
 [-1.97298655e-05+1.56114862e-09j -1.03714030e-07-2.60164811e-03j]]"
386.41589639154455j,"[[-9.72730873e-08-2.58755062e-03j -1.94711907e-05+1.54979726e-09j]
 [-1.95174327e-05+1.55348616e-09j -1.03104784e-07-2.58755064e-03j]]"
388.51029149393776j,"[[-9.60883940e-08-2.57360636e-03j -1.92614363e-05+1.53646114e-09j]
 [-1.93071811e-05+1.54009071e-09j -1.02134710e-07-2.57360634e-03j]]"
390.60468659633096j,"[[-9.59770574e-08-2.55980970e-03j -1.90551319e-05+1.49388851e-09j]
 [-1.91003875e-05+1.49746000e-09j -1.00152572e-07-2.55980969e-03j]]"
392.6990816987241j,"[[-9.45075957e-08-2.54616004e-03j -1.88531865e-05+1.47294809e-09j]
 [-1.88979607e-05+1.47646275e-09j -9.95236920e-08-2.54616005e-03j]]"
394.7934768011173j,"[[-9.30915370e-08-2.53265730e-03j -1.86540435e-05+1.43647301e-09j]
 [-1.86983438e-05+1.43993202e-09j -9.88359956e-08-2.53265729e-03j]]"
396.88787190351053j,"[[-9.28176528e-08-2.51929662e-03j -1.84591014e-05+1.41089260e-09j]
 [-1.85029355e-05+1.41429714e-09j -9.71275777e-08-2.51929662e-03j]]"
398.9822670059037j,"[[-9.14848839e-08-2.50607512e-03j -1.82676729e-05+1.38918985e-09j]
 [-1.83110480e-05+1.39254105e-09j -9.64687823e-08-2.50607514e-03j]]"
401.0766621082969j,"[[-9.05375788e-08-2.49299153e-03j -1.80780575e-05+1.38181745e-09j]
 [-1.81209807e-05+1.38511643e-09j -9.55113750e-08-2.49299153e-03j]]"
403.17105721069015j,"[[-8.94166094e-08-2.48004259e-03j -1.78911353e-05+1.35117709e-09j]
 [-1.79336138e-05+1.35442493e-09j -9.46868164e-08-2.48004259e-03j]]"
405.26545231308336j,"[[-8.81867363e-08-2.46722840e-03j -1.77083481e-05+1.31764700e-09j]
 [-1.77503887e-05+1.32084475e-09j -9.40137694e-08-2.46722843e-03j]]"
407.3598474154765j,"[[-8.60555268e-08-2.45454563e-03j -1.75276857e-05+1.33147363e-09j]
 [-1.75692951e-05+1.33462231e-09j -9.42375023e-08-2.45454561e-03j]]"
409.4542425178697j,"[[-8.67867613e-08-2.44199571e-03j -1.73473424e-05+1.32508929e-09j]
 [-1.73885273e-05+1.32818990e-09j -9.16394268e-08-2.44199568e-03j]]"
411.5486376202629j,"[[-8.58899244e-08-2.42957102e-03j -1.71694259e-05+1.30388310e-09j]
 [-1.72101927e-05+1.30693660e-09j -9.08088907e-08-2.42957105e-03j]]"
413.6430327226561j,"[[-8.46501230e-08-2.41727067e-03j -1.69952451e-05+1.26564011e-09j]
 [-1.70356001e-05+1.26864747e-09j -9.02594314e-08-2.41727065e-03j]]"
415.7374278250493j,"[[-8.54223215e-08-2.40509599e-03j -1.68237961e-05+1.26159668e-09j]
 [-1.68637455e-05+1.26455882e-09j -8.76797006e-08-2.40509597e-03j]]"
417.8318229274425j,"[[-8.50987156e-08-2.39304390e-03j -1.66539506e-05+1.25220430e-09j]
 [-1.66935005e-05+1.25512211e-09j -8.62914095e-08-2.39304389e-03j]]"
419.92621802983564j,"[[-8.45592554e-08-2.38111180e-03j -1.64863705e-05+1.22156484e-09j]
 [-1.65255269e-05+1.22443921e-09j -8.51103334e-08-2.38111181e-03j]]"
422.02061313222885j,"[[-8.17441750e-08-2.36929719e-03j -1.63231662e-05+1.18142849e-09j]
 [-1.63619349e-05+1.18426028e-09j -8.62865598e-08-2.36929727e-03j]]"
424.11500823462205j,"[[-7.83279951e-08-2.35759905e-03j -1.61627794e-05+1.16908954e-09j]
 [-1.62011662e-05+1.17187958e-09j -8.80224822e-08-2.35759909e-03j]]"
426.2094033370153j,"[[-7.77015597e-08-2.34601627e-03j -1.60044030e-05+1.15786055e-09j]
 [-1.60424135e-05+1.16060966e-09j -8.70366227e-08-2.34601623e-03j]]"
428.30379843940847j,"[[-7.80739123e-08-2.33454696e-03j -1.58480179e-05+1.13962843e-09j]
 [-1.58856576e-05+1.14233742e-09j -8.50301813e-08-2.33454695e-03j]]"
430.3981935418017j,"[[-7.71329061e-08-2.32318964e-03j -1.56943280e-05+1.11868708e-09j]
 [-1.57316023e-05+1.12135671e-09j -8.43777929e-08-2.32318965e-03j]]"
432.4925886441949j,"[[-7.65620730e-08-2.31194375e-03j -1.55432004e-05+1.09620460e-09j]
 [-1.55801146e-05+1.09883564e-09j -8.33900055e-08-2.31194374e-03j]]"
434.58698374658803j,"[[-7.59646446e-08-2.30080278e-03j -1.53936663e-05+1.10771228e-09j]
 [-1.54302255e-05+1.11030546e-09j -8.25142896e-08-2.30080275e-03j]]"
436.68137884898124j,"[[-7.56327741e-08-2.28976967e-03j -1.52444100e-05+1.10326015e-09j]
 [-1.52806193e-05+1.10581620e-09j -8.12766264e-08-2.28976966e-03j]]"
438.77577395137445j,"[[-7.51226037e-08-2.27884293e-03j -1.50981896e-05+1.05615786e-09j]
 [-1.51340541e-05+1.05867747e-09j -8.02959415e-08-2.27884294e-03j]]"
440.8701690537676j,"[[-7.36993786e-08-2.26801787e-03j -1.49549282e-05+1.04360801e-09j]
 [-1.49904528e-05+1.04609189e-09j -8.02810958e-08-2.26801787e-03j]]"
442.9645641561608j,"[[-7.32812228e-08-2.25729666e-03j -1.48151208e-05+1.00795517e-09j]
 [-1.48503102e-05+1.01040398e-09j -7.92239173e-08-2.25729666e-03j]]"
445.058959258554j,"[[-7.33028020e-08-2.24667637e-03j -1.46763965e-05+1.01704043e-09j]
 [-1.47112556e-05+1.01945483e-09j -7.77602016e-08-2.24667633e-03j]]"
447.1533543609473j,"[[-7.41625476e-08-2.23615661e-03j -1.45401857e-05+9.75928256e-10j]
 [-1.45747190e-05+9.78308893e-10j -7.54549118e-08-2.23615662e-03j]]"
449.2477494633404j,"[[-7.15536967e-08-2.22573513e-03j -1.44062568e-05+9.81145499e-10j]
 [-1.44404688e-05+9.83492994e-10j -7.66866651e-08-2.22573516e-03j]]"
451.34214456573363j,"[[-7.07884033e-08-2.21540946e-03j -1.42726253e-05+9.82577623e-10j]
 [-1.43065206e-05+9.84892590e-10j -7.61322403e-08-2.21540946e-03j]]"
453.43653966812684j,"[[-6.91635296e-08-2.20517582e-03j -1.41399105e-05+9.82174036e-10j]
 [-1.41734934e-05+9.84457075e-10j -7.64396772e-08-2.20517585e-03j]]"
455.53093477052j,"[[-6.80510771e-08-2.19503727e-03j -1.40090616e-05+9.49849370e-10j]
 [-1.40423364e-05+9.52101065e-10j -7.61803092e-08-2.19503725e-03j]]"
457.6253298729132j,"[[-6.86281891e-08-2.18499251e-03j -1.38819409e-05+9.16242249e-10j]
 [-1.39149119e-05+9.18463170e-10j -7.42849301e-08-2.18499248e-03j]]"
459.7197249753064j,"[[-6.97615867e-08-2.17503941e-03j -1.37562085e-05+9.32061506e-10j]
 [-1.37888797e-05+9.34252211e-10j -7.18231545e-08-2.17503940e-03j]]"
461.81412007769956j,"[[-6.88305601e-08-2.16517781e-03j -1.36296500e-05+9.43629662e-10j]
 [-1.36620255e-05+9.45790696e-10j -7.14679782e-08-2.16517782e-03j]]"
463.90851518009276j,"[[-6.81150316e-08-2.15540470e-03j -1.35043382e-05+9.29519205e-10j]
 [-1.35364221e-05+9.31651103e-10j -7.09408127e-08-2.15540470e-03j]]"
466.00291028248597j,"[[-6.72559595e-08-2.14571986e-03j -1.33807663e-05+9.07433124e-10j]
 [-1.34125625e-05+9.09536406e-10j -7.05220025e-08-2.14571987e-03j]]"
468.0973053848791j,"[[-6.63350563e-08-2.13612168e-03j -1.32601425e-05+8.78525774e-10j]
 [-1.32916548e-05+8.80600949e-10j -7.02176494e-08-2.13612168e-03j]]"
470.1917004872724j,"[[-6.64704599e-08-2.12660863e-03j -1.31423112e-05+8.53872752e-10j]
 [-1.31735434e-05+8.55920320e-10j -6.88850586e-08-2.12660860e-03j]]"
472.2860955896656j,"[[-6.72298365e-08-2.11717938e-03j -1.30265509e-05+8.43094732e-10j]
 [-1.30575067e-05+8.45115180e-10j -6.69284372e-08-2.11717936e-03j]]"
474.3804906920588j,"[[-6.70633266e-08-2.10783404e-03j -1.29126799e-05+8.22207274e-10j]
 [-1.29433630e-05+8.24201080e-10j -6.59261898e-08-2.10783403e-03j]]"
476.47488579445195j,"[[-6.67815204e-08-2.09856945e-03j -1.28001595e-05+8.24347501e-10j]
 [-1.28305734e-05+8.26315130e-10j -6.50545964e-08-2.09856947e-03j]]"
478.56928089684516j,"[[-6.50589791e-08-2.08938612e-03j -1.26883539e-05+8.17060687e-10j]
 [-1.27185022e-05+8.19002597e-10j -6.56275718e-08-2.08938614e-03j]]"
480.66367599923836j,"[[-6.38601709e-08-2.08028345e-03j -1.25772854e-05+8.19013472e-10j]
 [-1.26071715e-05+8.20930108e-10j -6.56376824e-08-2.08028346e-03j]]"
482.7580711016315j,"[[-6.25403218e-08-2.07126085e-03j -1.24676286e-05+7.95798730e-10j]
 [-1.24972560e-05+7.97690528e-10j -6.58457126e-08-2.07126087e-03j]]"
484.8524662040247j,"[[-6.23664641e-08-2.06231561e-03j -1.23600970e-05+7.88332913e-10j]
 [-1.23894690e-05+7.90200301e-10j -6.49123360e-08-2.06231559e-03j]]"
486.94686130641793j,"[[-6.26904028e-08-2.05344830e-03j -1.22538602e-05+7.67729589e-10j]
 [-1.22829801e-05+7.69572984e-10j -6.34904420e-08-2.05344828e-03j]]"
489.0412564088111j,"[[-6.26326464e-08-2.04465521e-03j -1.21493073e-05+7.69540891e-10j]
 [-1.21781783e-05+7.71360704e-10j -6.25181763e-08-2.04465522e-03j]]"
491.1356515112043j,"[[-6.11463774e-08-2.03593691e-03j -1.20450545e-05+7.63294492e-10j]
 [-1.20736798e-05+7.65091124e-10j -6.29119509e-08-2.03593695e-03j]]"
493.23004661359755j,"[[-5.97455352e-08-2.02729376e-03j -1.19428452e-05+7.40734372e-10j]
 [-1.19712280e-05+7.42508213e-10j -6.32724484e-08-2.02729376e-03j]]"
495.32444171599076j,"[[-5.92186877e-08-2.01872249e-03j -1.18415783e-05+7.50296841e-10j]
 [-1.18697215e-05+7.52048276e-10j -6.27563204e-08-2.01872248e-03j]]"
497.4188368183839j,"[[-5.97355106e-08-2.01022386e-03j -1.17410046e-05+7.37160829e-10j]
 [-1.17689114e-05+7.38890234e-10j -6.12093835e-08-2.01022384e-03j]]"
499.5132319207771j,"[[-5.93720320e-08-2.00179667e-03j -1.16429981e-05+7.01397456e-10j]
 [-1.16706713e-05+7.03105199e-10j -6.05766364e-08-2.00179667e-03j]]"
501.6076270231703j,"[[-5.93410109e-08-1.99343867e-03j -1.15464316e-05+7.12053442e-10j]
 [-1.15738742e-05+7.13739883e-10j -5.96133449e-08-1.99343866e-03j]]"
503.7020221255635j,"[[-5.83642889e-08-1.98515105e-03j -1.14510707e-05+6.79331477e-10j]
 [-1.14782856e-05+6.80996969e-10j -5.95860542e-08-1.98515107e-03j]]"
505.7964172279567j,"[[-5.77677816e-08-1.97693241e-03j -1.13576404e-05+6.85892318e-10j]
 [-1.13846304e-05+6.87537206e-10j -5.92005465e-08-1.97693242e-03j]]"
507.8908123303499j,"[[-5.66302743e-08-1.96878180e-03j -1.12643943e-05+6.71106639e-10j]
 [-1.12911621e-05+6.72731261e-10j -5.93806111e-08-1.96878181e-03j]]"
509.98520743274304j,"[[-5.58253090e-08-1.96069796e-03j -1.11734228e-05+6.58745189e-10j]
 [-1.11999712e-05+6.60349878e-10j -5.92192765e-08-1.96069795e-03j]]"
512.0796025351362j,"[[-5.58042686e-08-1.95268015e-03j -1.10821985e-05+6.79041521e-10j]
 [-1.11085302e-05+6.80626601e-10j -5.83091410e-08-1.95268013e-03j]]"
514.1739976375295j,"[[-5.57048138e-08-1.94472773e-03j -1.09913981e-05+6.64538751e-10j]
 [-1.10175158e-05+6.66104540e-10j -5.74900874e-08-1.94472774e-03j]]"
516.2683927399227j,"[[-5.53352562e-08-1.93683904e-03j -1.09019600e-05+6.55592652e-10j]
 [-1.09278662e-05+6.57139462e-10j -5.69680903e-08-1.93683904e-03j]]"
518.3627878423159j,"[[-5.44922771e-08-1.92901369e-03j -1.08135776e-05+6.49702002e-10j]
 [-1.08392748e-05+6.51230139e-10j -5.69011602e-08-1.92901371e-03j]]"
520.4571829447091j,"[[-5.36687369e-08-1.92125091e-03j -1.07267628e-05+6.27392296e-10j]
 [-1.07522536e-05+6.28902060e-10j -5.68489269e-08-1.92125091e-03j]]"
522.5515780471022j,"[[-5.38482429e-08-1.91355139e-03j -1.06410369e-05+6.34857440e-10j]
 [-1.06663238e-05+6.36349123e-10j -5.57288934e-08-1.91355136e-03j]]"
524.6459731494955j,"[[-5.44820644e-08-1.90591477e-03j -1.05554715e-05+6.31659093e-10j]
 [-1.05805569e-05+6.33132983e-10j -5.42072763e-08-1.90591475e-03j]]"
526.7403682518886j,"[[-5.43034273e-08-1.89833884e-03j -1.04713074e-05+6.07704816e-10j]
 [-1.04961938e-05+6.09161193e-10j -5.35617724e-08-1.89833883e-03j]]"
528.8347633542818j,"[[-5.37222156e-08-1.89082080e-03j -1.03889011e-05+6.03841361e-10j]
 [-1.04135907e-05+6.05280504e-10j -5.32852315e-08-1.89082081e-03j]]"
530.929158456675j,"[[-5.31489350e-08-1.88336355e-03j -1.03074508e-05+5.89370887e-10j]
 [-1.03319461e-05+5.90793065e-10j -5.30059557e-08-1.88336356e-03j]]"
533.0235535590682j,"[[-5.25407361e-08-1.87596428e-03j -1.02270560e-05+5.86280828e-10j]
 [-1.02513591e-05+5.87686308e-10j -5.27947936e-08-1.87596429e-03j]]"
535.1179486614614j,"[[-5.17744775e-08-1.86862334e-03j -1.01475597e-05+5.79026169e-10j]
 [-1.01716730e-05+5.80415211e-10j -5.27145509e-08-1.86862336e-03j]]"
537.2123437638546j,"[[-5.07476670e-08-1.86134006e-03j -1.00689762e-05+5.70854143e-10j]
 [-1.00929018e-05+5.72227002e-10j -5.29634937e-08-1.86134006e-03j]]"
539.3067388662479j,"[[-5.07036695e-08-1.85411151e-03j -9.99054220e-06+5.84027721e-10j]
 [-1.00142823e-05+5.85384648e-10j -5.21986704e-08-1.85411152e-03j]]"
541.401133968641j,"[[-5.03372078e-08-1.84693958e-03j -9.91245589e-06+5.73486425e-10j]
 [-9.93601272e-06+5.74827665e-10j -5.17776743e-08-1.84693956e-03j]]"
543.4955290710342j,"[[-5.01774007e-08-1.83982352e-03j -9.83555621e-06+5.66980913e-10j]
 [-9.85893183e-06+5.68306707e-10j -5.11284447e-08-1.83982353e-03j]]"
545.5899241734274j,"[[-4.93307478e-08-1.83276130e-03j -9.75911625e-06+5.64072238e-10j]
 [-9.78231275e-06+5.65382823e-10j -5.12308852e-08-1.83276132e-03j]]"
547.6843192758206j,"[[-4.83915110e-08-1.82575288e-03j -9.68377879e-06+5.48509125e-10j]
 [-9.70679823e-06+5.49804732e-10j -5.13756080e-08-1.82575289e-03j]]"
549.7787143782137j,"[[-4.80648152e-08-1.81879875e-03j -9.61014299e-06+5.39419434e-10j]
 [-9.63298737e-06+5.40700291e-10j -5.09401050e-08-1.81879875e-03j]]"
551.873109480607j,"[[-4.84317458e-08-1.81189758e-03j -9.53703970e-06+5.28820331e-10j]
 [-9.55971102e-06+5.30086660e-10j -4.98238018e-08-1.81189756e-03j]]"
553.9675045830002j,"[[-4.77618054e-08-1.80504879e-03j -9.46582895e-06+5.08551999e-10j]
 [-9.48832918e-06+5.09804018e-10j -4.97524709e-08-1.80504881e-03j]]"
556.0618996853933j,"[[-4.68804048e-08-1.79825032e-03j -9.39566094e-06+5.15087154e-10j]
 [-9.41799200e-06+5.16325080e-10j -4.99267391e-08-1.79825033e-03j]]"
558.1562947877866j,"[[-4.60053594e-08-1.79150363e-03j -9.32570162e-06+5.04437542e-10j]
 [-9.34786540e-06+5.05661585e-10j -5.00520587e-08-1.79150363e-03j]]"
560.2506898901798j,"[[-4.56916016e-08-1.78480720e-03j -9.25621061e-06+5.15802849e-10j]
 [-9.27820900e-06+5.17013216e-10j -4.96569421e-08-1.78480720e-03j]]"
562.345084992573j,"[[-4.55380777e-08-1.77816080e-03j -9.18632902e-06+5.19662150e-10j]
 [-9.20816385e-06+5.20859043e-10j -4.90842652e-08-1.77816078e-03j]]"
564.4394800949661j,"[[-4.63698936e-08-1.77156409e-03j -9.11731534e-06+4.99768198e-10j]
 [-9.13898844e-06+5.00951817e-10j -4.75599992e-08-1.77156409e-03j]]"
566.5338751973594j,"[[-4.58104700e-08-1.76501509e-03j -9.05033239e-06+4.85854243e-10j]
 [-9.07184554e-06+4.87024784e-10j -4.74615630e-08-1.76501510e-03j]]"
568.6282702997526j,"[[-4.52423547e-08-1.75851414e-03j -8.98374861e-06+4.85874846e-10j]
 [-9.00510359e-06+4.87032501e-10j -4.73203110e-08-1.75851413e-03j]]"
570.7226654021457j,"[[-4.54147352e-08-1.75206201e-03j -8.91899978e-06+4.56471475e-10j]
 [-8.94019831e-06+4.57616432e-10j -4.64662351e-08-1.75206201e-03j]]"
572.817060504539j,"[[-4.45838988e-08-1.74565642e-03j -8.85542590e-06+4.59183791e-10j]
 [-8.87646970e-06+4.60316235e-10j -4.66240592e-08-1.74565642e-03j]]"
574.9114556069321j,"[[-4.45473095e-08-1.73929786e-03j -8.79208964e-06+4.61407248e-10j]
 [-8.81298039e-06+4.62527360e-10j -4.60008708e-08-1.73929786e-03j]]"
577.0058507093253j,"[[-4.37515800e-08-1.73298483e-03j -8.72873423e-06+4.60570177e-10j]
 [-8.74947360e-06+4.61678136e-10j -4.61512283e-08-1.73298483e-03j]]"
579.1002458117185j,"[[-4.35458102e-08-1.72671769e-03j -8.66633145e-06+4.52312480e-10j]
 [-8.68692108e-06+4.53408462e-10j -4.57022457e-08-1.72671770e-03j]]"
581.1946409141118j,"[[-4.32370013e-08-1.72049592e-03j -8.60404464e-06+4.60140273e-10j]
 [-8.62448615e-06+4.61224450e-10j -4.53519978e-08-1.72049591e-03j]]"
583.289036016505j,"[[-4.35777885e-08-1.71432000e-03j -8.54225198e-06+4.49945118e-10j]
 [-8.56254696e-06+4.51017657e-10j -4.43638014e-08-1.71432000e-03j]]"
585.3834311188981j,"[[-4.29096417e-08-1.70818756e-03j -8.48107063e-06+4.51052851e-10j]
 [-8.50122065e-06+4.52113919e-10j -4.44219731e-08-1.70818756e-03j]]"
587.4778262212914j,"[[-4.26254493e-08-1.70209866e-03j -8.42025935e-06+4.47510815e-10j]
 [-8.44026595e-06+4.48560575e-10j -4.40996957e-08-1.70209865e-03j]]"
589.5722213236845j,"[[-4.25128415e-08-1.69605206e-03j -8.35990640e-06+4.42662883e-10j]
 [-8.37977112e-06+4.43701496e-10j -4.36004045e-08-1.69605206e-03j]]"
591.6666164260777j,"[[-4.22061524e-08-1.69004846e-03j -8.30105720e-06+4.20309212e-10j]
 [-8.32078153e-06+4.21336834e-10j -4.32894326e-08-1.69004845e-03j]]"
593.7610115284709j,"[[-4.20806471e-08-1.68408801e-03j -8.24331698e-06+4.19989225e-10j]
 [-8.26290241e-06+4.21006011e-10j -4.27916570e-08-1.68408801e-03j]]"
595.8554066308641j,"[[-4.15755237e-08-1.67816971e-03j -8.18635590e-06+4.10388662e-10j]
 [-8.20580389e-06+4.11394764e-10j -4.27234700e-08-1.67816972e-03j]]"
597.9498017332572j,"[[-4.08431479e-08-1.67229231e-03j -8.12984080e-06+4.10676074e-10j]
 [-8.14915280e-06+4.11671641e-10j -4.28530762e-08-1.67229232e-03j]]"
600.0441968356505j,"[[-4.06490315e-08-1.66645623e-03j -8.07367043e-06+4.09673382e-10j]
 [-8.09284786e-06+4.10658560e-10j -4.24753749e-08-1.66645622e-03j]]"
602.1385919380436j,"[[-4.01408773e-08-1.66066038e-03j -8.01783722e-06+4.09914978e-10j]
 [-8.03688147e-06+4.10889911e-10j -4.24015675e-08-1.66066038e-03j]]"
604.2329870404369j,"[[-3.98384855e-08-1.65490412e-03j -7.96188398e-06+4.20287155e-10j]
 [-7.98079643e-06+4.21251986e-10j -4.21497639e-08-1.65490410e-03j]]"
606.3273821428301j,"[[-3.95952623e-08-1.64918836e-03j -7.90618943e-06+4.04107412e-10j]
 [-7.92497146e-06+4.05062280e-10j -4.18116543e-08-1.64918837e-03j]]"
608.4217772452233j,"[[-3.89602165e-08-1.64351185e-03j -7.85196192e-06+3.95029289e-10j]
 [-7.87061487e-06+3.95974330e-10j -4.18829399e-08-1.64351186e-03j]]"
610.5161723476165j,"[[-3.81823952e-08-1.63787483e-03j -7.79889490e-06+3.74969092e-10j]
 [-7.81742009e-06+3.75904440e-10j -4.21016016e-08-1.63787482e-03j]]"
612.6105674500096j,"[[-3.87070381e-08-1.63227562e-03j -7.74700640e-06+3.74389491e-10j]
 [-7.76540514e-06+3.75315278e-10j -4.10601092e-08-1.63227559e-03j]]"
614.7049625524029j,"[[-3.91203583e-08-1.62671396e-03j -7.69492259e-06+3.87398113e-10j]
 [-7.71319617e-06+3.88314470e-10j -4.00948510e-08-1.62671394e-03j]]"
616.799357654796j,"[[-3.93074881e-08-1.62119163e-03j -7.64255931e-06+3.83955885e-10j]
 [-7.66070901e-06+3.84862938e-10j -3.93268661e-08-1.62119162e-03j]]"
618.8937527571892j,"[[-3.88862218e-08-1.61570715e-03j -7.59075935e-06+3.80422323e-10j]
 [-7.60878642e-06+3.81320199e-10j -3.92246916e-08-1.61570715e-03j]]"
620.9881478595825j,"[[-3.85522464e-08-1.61025911e-03j -7.53961497e-06+3.71781382e-10j]
 [-7.55752064e-06+3.72670203e-10j -3.90468720e-08-1.61025910e-03j]]"
623.0825429619756j,"[[-3.89509503e-08-1.60484696e-03j -7.48858543e-06+3.79825098e-10j]
 [-7.50637093e-06+3.80704986e-10j -3.81478969e-08-1.60484697e-03j]]"
625.1769380643688j,"[[-3.80505694e-08-1.59947050e-03j -7.43775488e-06+3.73102825e-10j]
 [-7.45542142e-06+3.73973900e-10j -3.85375521e-08-1.59947051e-03j]]"
627.271333166762j,"[[-3.80021638e-08-1.59413036e-03j -7.38779233e-06+3.67623331e-10j]
 [-7.40534109e-06+3.68485710e-10j -3.80644106e-08-1.59413035e-03j]]"
629.3657282691553j,"[[-3.76846048e-08-1.58882631e-03j -7.33811895e-06+3.60895842e-10j]
 [-7.35555111e-06+3.61749640e-10j -3.78689633e-08-1.58882631e-03j]]"
631.4601233715484j,"[[-3.68937381e-08-1.58355673e-03j -7.28967230e-06+3.49357528e-10j]
 [-7.30698902e-06+3.50202859e-10j -3.81732782e-08-1.58355675e-03j]]"
633.5545184739416j,"[[-3.61734383e-08-1.57832201e-03j -7.24197179e-06+3.47450635e-10j]
 [-7.25917421e-06+3.48287611e-10j -3.84019572e-08-1.57832201e-03j]]"
635.6489135763348j,"[[-3.59647849e-08-1.57312129e-03j -7.19409865e-06+3.55121605e-10j]
 [-7.21118789e-06+3.55950335e-10j -3.81179502e-08-1.57312129e-03j]]"
637.743308678728j,"[[-3.56444445e-08-1.56795574e-03j -7.14661165e-06+3.48054933e-10j]
 [-7.16358883e-06+3.48875524e-10j -3.79301205e-08-1.56795574e-03j]]"
639.8377037811211j,"[[-3.56008150e-08-1.56282421e-03j -7.09944993e-06+3.44322091e-10j]
 [-7.11631616e-06+3.45134650e-10j -3.74966875e-08-1.56282421e-03j]]"
641.9320988835144j,"[[-3.61712408e-08-1.55772571e-03j -7.05314129e-06+3.38042834e-10j]
 [-7.06989764e-06+3.38847466e-10j -3.64742917e-08-1.55772570e-03j]]"
644.0264939859076j,"[[-3.62375700e-08-1.55265980e-03j -7.00700027e-06+3.42464894e-10j]
 [-7.02364781e-06+3.43261702e-10j -3.59359292e-08-1.55265980e-03j]]"
646.1208890883007j,"[[-3.55171845e-08-1.54762720e-03j -6.96107799e-06+3.36196491e-10j]
 [-6.97761779e-06+3.36985576e-10j -3.61649839e-08-1.54762720e-03j]]"
648.215284190694j,"[[-3.51806913e-08-1.54262766e-03j -6.91617639e-06+3.24825757e-10j]
 [-6.93260948e-06+3.25607217e-10j -3.60417041e-08-1.54262766e-03j]]"
650.3096792930872j,"[[-3.40182895e-08-1.53765962e-03j -6.87184124e-06+3.23426950e-10j]
 [-6.88816866e-06+3.24200884e-10j -3.67682812e-08-1.53765965e-03j]]"
652.4040743954804j,"[[-3.29410339e-08-1.53272309e-03j -6.82757413e-06+3.27286941e-10j]
 [-6.84379689e-06+3.28053446e-10j -3.73755667e-08-1.53272310e-03j]]"
654.4984694978735j,"[[-3.31009820e-08-1.52781946e-03j -6.78398256e-06+3.15353759e-10j]
 [-6.80010166e-06+3.16112929e-10j -3.67423578e-08-1.52781943e-03j]]"
656.5928646002668j,"[[-3.37126529e-08-1.52294681e-03j -6.74103378e-06+3.13673338e-10j]
 [-6.75705021e-06+3.14425266e-10j -3.57129331e-08-1.52294682e-03j]]"
658.68725970266j,"[[-3.32672085e-08-1.51810461e-03j -6.69859905e-06+3.07323351e-10j]
 [-6.71451379e-06+3.08068130e-10j -3.57247919e-08-1.51810460e-03j]]"
660.7816548050531j,"[[-3.34266103e-08-1.51329347e-03j -6.65640313e-06+3.13478542e-10j]
 [-6.67221714e-06+3.14216262e-10j -3.51022571e-08-1.51329346e-03j]]"
662.8760499074464j,"[[-3.36904159e-08-1.50851339e-03j -6.61418534e-06+3.05203046e-10j]
 [-6.62989957e-06+3.05933794e-10j -3.44019462e-08-1.50851338e-03j]]"
664.9704450098395j,"[[-3.31240310e-08-1.50376274e-03j -6.57280410e-06+3.02132986e-10j]
 [-6.58841951e-06+3.02856851e-10j -3.45588518e-08-1.50376275e-03j]]"
667.0648401122327j,"[[-3.23532252e-08-1.49904176e-03j -6.53204895e-06+2.95147451e-10j]
 [-6.54756646e-06+2.95864519e-10j -3.49020100e-08-1.49904176e-03j]]"
669.1592352146259j,"[[-3.22522565e-08-1.49435045e-03j -6.49134198e-06+2.99879879e-10j]
 [-6.50676250e-06+3.00590235e-10j -3.45967649e-08-1.49435045e-03j]]"
671.2536303170192j,"[[-3.16691640e-08-1.48968783e-03j -6.45067143e-06+2.99566501e-10j]
 [-6.46599588e-06+3.00270229e-10j -3.47572171e-08-1.48968785e-03j]]"
673.3480254194124j,"[[-3.13160046e-08-1.48505467e-03j -6.41042651e-06+2.97391489e-10j]
 [-6.42565578e-06+2.98088671e-10j -3.47014950e-08-1.48505467e-03j]]"
675.4424205218055j,"[[-3.11785073e-08-1.48045045e-03j -6.37048063e-06+2.88698855e-10j]
 [-6.38561560e-06+2.89389571e-10j -3.44046917e-08-1.48045045e-03j]]"
677.5368156241988j,"[[-3.07230588e-08-1.47587514e-03j -6.33168877e-06+2.81233433e-10j]
 [-6.34673031e-06+2.81917763e-10j -3.44703985e-08-1.47587514e-03j]]"
679.6312107265919j,"[[-3.11393200e-08-1.47132683e-03j -6.29276346e-06+2.91161525e-10j]
 [-6.30771245e-06+2.91839548e-10j -3.36696192e-08-1.47132682e-03j]]"
681.7256058289851j,"[[-3.08960910e-08-1.46680685e-03j -6.25387803e-06+2.81673576e-10j]
 [-6.26873531e-06+2.82345370e-10j -3.35058498e-08-1.46680685e-03j]]"
683.8200009313783j,"[[-3.04940778e-08-1.46231438e-03j -6.21564541e-06+2.82570879e-10j]
 [-6.23041182e-06+2.83236519e-10j -3.35161373e-08-1.46231438e-03j]]"
685.9143960337715j,"[[-3.06895355e-08-1.45784968e-03j -6.17718460e-06+2.84093805e-10j]
 [-6.19186097e-06+2.84753366e-10j -3.29212601e-08-1.45784966e-03j]]"
688.0087911361647j,"[[-3.09587913e-08-1.45341215e-03j -6.13926938e-06+2.78816278e-10j]
 [-6.15385653e-06+2.79469835e-10j -3.22808757e-08-1.45341214e-03j]]"
690.1031862385579j,"[[-3.03309101e-08-1.44900091e-03j -6.10172498e-06+2.77284802e-10j]
 [-6.11622373e-06+2.77932426e-10j -3.25300237e-08-1.44900093e-03j]]"
692.1975813409512j,"[[-2.97102667e-08-1.44461703e-03j -6.06436233e-06+2.76119399e-10j]
 [-6.07877347e-06+2.76761162e-10j -3.27461080e-08-1.44461703e-03j]]"
694.2919764433442j,"[[-2.92975813e-08-1.44025975e-03j -6.02751526e-06+2.69021918e-10j]
 [-6.04183959e-06+2.69657891e-10j -3.27871702e-08-1.44025975e-03j]]"
696.3863715457375j,"[[-2.91181425e-08-1.43592880e-03j -5.99119036e-06+2.67723371e-10j]
 [-6.00542866e-06+2.68353622e-10j -3.25852378e-08-1.43592880e-03j]]"
698.4807666481306j,"[[-2.90147719e-08-1.43162362e-03j -5.95524149e-06+2.58059134e-10j]
 [-5.96939453e-06+2.58683733e-10j -3.23461494e-08-1.43162362e-03j]]"
700.5751617505239j,"[[-2.88096219e-08-1.42734329e-03j -5.91999141e-06+2.58296759e-10j]
 [-5.93405995e-06+2.58915773e-10j -3.21831599e-08-1.42734329e-03j]]"
702.669556852917j,"[[-2.88587533e-08-1.42308937e-03j -5.88480685e-06+2.58353025e-10j]
 [-5.89879166e-06+2.58966521e-10j -3.17521231e-08-1.42308936e-03j]]"
704.7639519553103j,"[[-2.88997409e-08-1.41886124e-03j -5.85020185e-06+2.42084561e-10j]
 [-5.86410366e-06+2.42692604e-10j -3.13420855e-08-1.41886124e-03j]]"
706.8583470577036j,"[[-2.89988466e-08-1.41465778e-03j -5.81652900e-06+2.42312174e-10j]
 [-5.83034855e-06+2.42914828e-10j -3.09013847e-08-1.41465777e-03j]]"
708.9527421600966j,"[[-2.88757544e-08-1.41047869e-03j -5.78309161e-06+2.40116130e-10j]
 [-5.79682963e-06+2.40713458e-10j -3.06823483e-08-1.41047869e-03j]]"
711.0471372624899j,"[[-2.85170690e-08-1.40632416e-03j -5.74961982e-06+2.43320174e-10j]
 [-5.76327703e-06+2.43912240e-10j -3.06804464e-08-1.40632416e-03j]]"
713.141532364883j,"[[-2.86160328e-08-1.40219414e-03j -5.71624383e-06+2.42796885e-10j]
 [-5.72982094e-06+2.43383750e-10j -3.02433202e-08-1.40219413e-03j]]"
715.2359274672763j,"[[-2.86687909e-08-1.39808786e-03j -5.68269691e-06+2.49977576e-10j]
 [-5.69619462e-06+2.50559301e-10j -2.98494757e-08-1.39808785e-03j]]"
717.3303225696694j,"[[-2.86188875e-08-1.39400595e-03j -5.64916491e-06+2.46539211e-10j]
 [-5.66258392e-06+2.47115855e-10j -2.95416133e-08-1.39400595e-03j]]"
719.4247176720627j,"[[-2.82952735e-08-1.38994837e-03j -5.61601486e-06+2.43348331e-10j]
 [-5.62935586e-06+2.43919953e-10j -2.95271166e-08-1.38994837e-03j]]"
721.5191127744557j,"[[-2.80843530e-08-1.38591418e-03j -5.58327253e-06+2.40342216e-10j]
 [-5.59653619e-06+2.40908874e-10j -2.94119114e-08-1.38591418e-03j]]"
723.613507876849j,"[[-2.79657874e-08-1.38190273e-03j -5.55091484e-06+2.34446772e-10j]
 [-5.56410182e-06+2.35008525e-10j -2.92063681e-08-1.38190273e-03j]]"
725.7079029792421j,"[[-2.80874577e-08-1.37791458e-03j -5.51881376e-06+2.37695723e-10j]
 [-5.53192474e-06+2.38252627e-10j -2.87427813e-08-1.37791457e-03j]]"
727.8022980816354j,"[[-2.84078909e-08-1.37394987e-03j -5.48676736e-06+2.35726486e-10j]
 [-5.49980299e-06+2.36278596e-10j -2.80818884e-08-1.37394987e-03j]]"
729.8966931840287j,"[[-2.77202946e-08-1.37000841e-03j -5.45498942e-06+2.34363041e-10j]
 [-5.46795035e-06+2.34910411e-10j -2.84475019e-08-1.37000843e-03j]]"
731.9910882864218j,"[[-2.68408202e-08-1.36608880e-03j -5.42329519e-06+2.36809199e-10j]
 [-5.43618206e-06+2.37351884e-10j -2.90224682e-08-1.36608882e-03j]]"
734.0854833888151j,"[[-2.64709409e-08-1.36219149e-03j -5.39178751e-06+2.30060008e-10j]
 [-5.40460096e-06+2.30598061e-10j -2.90679170e-08-1.36219149e-03j]]"
736.1798784912081j,"[[-2.68785292e-08-1.35831675e-03j -5.36150558e-06+2.13701189e-10j]
 [-5.37424622e-06+2.14234663e-10j -2.83441696e-08-1.35831672e-03j]]"
738.2742735936014j,"[[-2.75695743e-08-1.35446354e-03j -5.33175275e-06+2.17140932e-10j]
 [-5.34442120e-06+2.17669879e-10j -2.73473206e-08-1.35446352e-03j]]"
740.3686686959945j,"[[-2.74542110e-08-1.35063228e-03j -5.30176261e-06+2.19918269e-10j]
 [-5.31435949e-06+2.20442740e-10j -2.71416624e-08-1.35063227e-03j]]"
742.4630637983878j,"[[-2.70501766e-08-1.34682253e-03j -5.27196378e-06+2.17000455e-10j]
 [-5.28448969e-06+2.17520500e-10j -2.72523896e-08-1.34682254e-03j]]"
744.557458900781j,"[[-2.65464913e-08-1.34303370e-03j -5.24266963e-06+2.12714522e-10j]
 [-5.25512518e-06+2.13230190e-10j -2.74525406e-08-1.34303371e-03j]]"
746.6518540031742j,"[[-2.62024748e-08-1.33926652e-03j -5.21339741e-06+2.17305593e-10j]
 [-5.22578318e-06+2.17816935e-10j -2.74799127e-08-1.33926653e-03j]]"
748.7462491055675j,"[[-2.58033280e-08-1.33552114e-03j -5.18471338e-06+1.97112748e-10j]
 [-5.19702996e-06+1.97619810e-10j -2.75762037e-08-1.33552114e-03j]]"
750.8406442079605j,"[[-2.59601593e-08-1.33179620e-03j -5.15682594e-06+2.06112110e-10j]
 [-5.16907390e-06+2.06614941e-10j -2.71298003e-08-1.33179618e-03j]]"
752.9350393103538j,"[[-2.64026764e-08-1.32809180e-03j -5.12832685e-06+2.10337907e-10j]
 [-5.14050677e-06+2.10836553e-10j -2.63862557e-08-1.32809179e-03j]]"
755.0294344127469j,"[[-2.64684211e-08-1.32440855e-03j -5.10032068e-06+1.98261118e-10j]
 [-5.11243312e-06+1.98755627e-10j -2.60306276e-08-1.32440853e-03j]]"
757.1238295151402j,"[[-2.68079032e-08-1.32074478e-03j -5.07254817e-06+2.06924714e-10j]
 [-5.08459369e-06+2.07415129e-10j -2.54113223e-08-1.32074477e-03j]]"
759.2182246175333j,"[[-2.62671599e-08-1.31710140e-03j -5.04438614e-06+2.10526535e-10j]
 [-5.05636530e-06+2.11012903e-10j -2.56626022e-08-1.31710141e-03j]]"
761.3126197199266j,"[[-2.57897094e-08-1.31347812e-03j -5.01629004e-06+2.03839854e-10j]
 [-5.02820338e-06+2.04322219e-10j -2.58534243e-08-1.31347813e-03j]]"
763.4070148223196j,"[[-2.55153409e-08-1.30987465e-03j -4.98871033e-06+2.08146472e-10j]
 [-5.00055838e-06+2.08624879e-10j -2.58498363e-08-1.30987466e-03j]]"
765.5014099247129j,"[[-2.50209486e-08-1.30629084e-03j -4.96054345e-06+2.11492184e-10j]
 [-4.97232677e-06+2.11966674e-10j -2.60550569e-08-1.30629085e-03j]]"
767.595805027106j,"[[-2.49092638e-08-1.30272725e-03j -4.93299121e-06+2.02450543e-10j]
 [-4.94471031e-06+2.02921160e-10j -2.58796052e-08-1.30272724e-03j]]"
769.6902001294993j,"[[-2.49836899e-08-1.29918291e-03j -4.90597263e-06+1.94235317e-10j]
 [-4.91762805e-06+1.94702103e-10j -2.55349135e-08-1.29918291e-03j]]"
771.7845952318926j,"[[-2.48535949e-08-1.29565755e-03j -4.87963023e-06+1.89851541e-10j]
 [-4.89122247e-06+1.90314537e-10j -2.53924880e-08-1.29565755e-03j]]"
773.8789903342857j,"[[-2.49997961e-08-1.29215125e-03j -4.85365816e-06+1.86866243e-10j]
 [-4.86518774e-06+1.87325490e-10j -2.49772699e-08-1.29215125e-03j]]"
775.973385436679j,"[[-2.48122818e-08-1.28866364e-03j -4.82771332e-06+1.90629059e-10j]
 [-4.83918075e-06+1.91084597e-10j -2.49013380e-08-1.28866365e-03j]]"
778.067780539072j,"[[-2.43281605e-08-1.28519490e-03j -4.80172757e-06+1.88997705e-10j]
 [-4.81313334e-06+1.89449574e-10j -2.51155405e-08-1.28519491e-03j]]"
780.1621756414653j,"[[-2.39516833e-08-1.28174488e-03j -4.77610001e-06+1.85998541e-10j]
 [-4.78744463e-06+1.86446781e-10j -2.52174620e-08-1.28174489e-03j]]"
782.2565707438584j,"[[-2.38177956e-08-1.27831378e-03j -4.75074967e-06+1.82607002e-10j]
 [-4.76203362e-06+1.83051652e-10j -2.50914482e-08-1.27831378e-03j]]"
784.3509658462517j,"[[-2.36852986e-08-1.27490048e-03j -4.72593525e-06+1.74016510e-10j]
 [-4.73715903e-06+1.74457607e-10j -2.49722344e-08-1.27490048e-03j]]"
786.4453609486449j,"[[-2.33976197e-08-1.27150547e-03j -4.70154492e-06+1.75855316e-10j]
 [-4.71270899e-06+1.76292898e-10j -2.49935337e-08-1.27150547e-03j]]"
788.5397560510381j,"[[-2.35496119e-08-1.26812831e-03j -4.67698578e-06+1.79933305e-10j]
 [-4.68809062e-06+1.80367410e-10j -2.45910560e-08-1.26812830e-03j]]"
790.6341511534312j,"[[-2.35845881e-08-1.26476945e-03j -4.65248855e-06+1.74661864e-10j]
 [-4.66353464e-06+1.75092528e-10j -2.42824918e-08-1.26476945e-03j]]"
792.7285462558244j,"[[-2.35302433e-08-1.26142855e-03j -4.62850310e-06+1.72670672e-10j]
 [-4.63949091e-06+1.73097932e-10j -2.40952962e-08-1.26142855e-03j]]"
794.8229413582177j,"[[-2.31265583e-08-1.25810436e-03j -4.60424455e-06+1.81927491e-10j]
 [-4.61517452e-06+1.82351382e-10j -2.42714949e-08-1.25810436e-03j]]"
796.9173364606108j,"[[-2.31076695e-08-1.25479765e-03j -4.57964334e-06+1.82957862e-10j]
 [-4.59051594e-06+1.83378420e-10j -2.40213175e-08-1.25479764e-03j]]"
799.0117315630041j,"[[-2.28935561e-08-1.25150885e-03j -4.55540946e-06+1.76818006e-10j]
 [-4.56622514e-06+1.77235266e-10j -2.39870930e-08-1.25150885e-03j]]"
801.1061266653973j,"[[-2.25367769e-08-1.24823738e-03j -4.53135480e-06+1.77753202e-10j]
 [-4.54211399e-06+1.78167197e-10j -2.40880633e-08-1.24823738e-03j]]"
803.2005217677905j,"[[-2.25527303e-08-1.24498301e-03j -4.50765252e-06+1.72484703e-10j]
 [-4.51835568e-06+1.72895468e-10j -2.38455381e-08-1.24498301e-03j]]"
805.2949168701836j,"[[-2.26445350e-08-1.24174496e-03j -4.48432794e-06+1.71077928e-10j]
 [-4.49497550e-06+1.71485496e-10j -2.35163744e-08-1.24174495e-03j]]"
807.3893119725768j,"[[-2.25667409e-08-1.23852412e-03j -4.46096664e-06+1.72500470e-10j]
 [-4.47155903e-06+1.72904875e-10j -2.33388481e-08-1.23852413e-03j]]"
809.48370707497j,"[[-2.21798776e-08-1.23532037e-03j -4.43794827e-06+1.65303362e-10j]
 [-4.44848592e-06+1.65704636e-10j -2.34849648e-08-1.23532037e-03j]]"
811.5781021773632j,"[[-2.14640451e-08-1.23213295e-03j -4.41538334e-06+1.63607089e-10j]
 [-4.42586667e-06+1.64005264e-10j -2.39803342e-08-1.23213297e-03j]]"
813.6724972797564j,"[[-2.09770988e-08-1.22896123e-03j -4.39278152e-06+1.67586229e-10j]
 [-4.40321095e-06+1.67981337e-10j -2.42400383e-08-1.22896123e-03j]]"
815.7668923821496j,"[[-2.10117586e-08-1.22580591e-03j -4.36983960e-06+1.73591936e-10j]
 [-4.38021555e-06+1.73984009e-10j -2.39639530e-08-1.22580591e-03j]]"
817.8612874845429j,"[[-2.10105392e-08-1.22266700e-03j -4.34698270e-06+1.70671129e-10j]
 [-4.35730557e-06+1.71060198e-10j -2.37332453e-08-1.22266700e-03j]]"
819.955682586936j,"[[-2.05813716e-08-1.21954438e-03j -4.32423530e-06+1.69147767e-10j]
 [-4.33450551e-06+1.69533862e-10j -2.39306696e-08-1.21954439e-03j]]"
822.0500776893292j,"[[-2.01252282e-08-1.21643762e-03j -4.30162094e-06+1.69353898e-10j]
 [-4.31183889e-06+1.69737050e-10j -2.41614159e-08-1.21643763e-03j]]"
824.1444727917224j,"[[-2.03783542e-08-1.21334658e-03j -4.27920788e-06+1.66658045e-10j]
 [-4.28937396e-06+1.67038283e-10j -2.36859533e-08-1.21334657e-03j]]"
826.2388678941156j,"[[-2.06447416e-08-1.21027111e-03j -4.25739208e-06+1.57512502e-10j]
 [-4.26750668e-06+1.57889855e-10j -2.32018385e-08-1.21027110e-03j]]"
828.3332629965088j,"[[-2.11955150e-08-1.20721110e-03j -4.23568314e-06+1.61491144e-10j]
 [-4.24574666e-06+1.61865643e-10j -2.24250470e-08-1.20721108e-03j]]"
830.427658098902j,"[[-2.15214399e-08-1.20416670e-03j -4.21436501e-06+1.52786962e-10j]
 [-4.22437784e-06+1.53158634e-10j -2.18826562e-08-1.20416670e-03j]]"
832.5220532012951j,"[[-2.13061535e-08-1.20113738e-03j -4.19357557e-06+1.49225013e-10j]
 [-4.20353808e-06+1.49593887e-10j -2.18774379e-08-1.20113739e-03j]]"
834.6164483036883j,"[[-2.10923735e-08-1.19812332e-03j -4.17297516e-06+1.50353137e-10j]
 [-4.18288773e-06+1.50719241e-10j -2.18810147e-08-1.19812332e-03j]]"
836.7108434060815j,"[[-2.08522511e-08-1.19512424e-03j -4.15244033e-06+1.47471763e-10j]
 [-4.16230334e-06+1.47835125e-10j -2.19061054e-08-1.19512424e-03j]]"
838.8052385084748j,"[[-2.06781328e-08-1.19214000e-03j -4.13173866e-06+1.57133377e-10j]
 [-4.14155248e-06+1.57494024e-10j -2.18685402e-08-1.19214000e-03j]]"
840.899633610868j,"[[-2.03740876e-08-1.18917102e-03j -4.11081514e-06+1.53454238e-10j]
 [-4.12058013e-06+1.53812197e-10j -2.19463740e-08-1.18917102e-03j]]"
842.9940287132612j,"[[-2.01595424e-08-1.18621708e-03j -4.09037838e-06+1.48165680e-10j]
 [-4.10009491e-06+1.48520978e-10j -2.19545764e-08-1.18621708e-03j]]"
845.0884238156544j,"[[-1.98487575e-08-1.18327729e-03j -4.07028469e-06+1.46795496e-10j]
 [-4.07995312e-06+1.47148158e-10j -2.20610562e-08-1.18327729e-03j]]"
847.1828189180475j,"[[-1.99699572e-08-1.18035225e-03j -4.05015420e-06+1.49712253e-10j]
 [-4.05977488e-06+1.50062306e-10j -2.17330674e-08-1.18035224e-03j]]"
849.2772140204407j,"[[-1.99067348e-08-1.17744156e-03j -4.03005820e-06+1.45721752e-10j]
 [-4.03963149e-06+1.46069221e-10j -2.15919905e-08-1.17744157e-03j]]"
851.3716091228339j,"[[-2.01266468e-08-1.17454494e-03j -4.01021087e-06+1.47623300e-10j]
 [-4.01973712e-06+1.47968212e-10j -2.11690134e-08-1.17454493e-03j]]"
853.4660042252272j,"[[-1.98440395e-08-1.17166285e-03j -3.99035007e-06+1.44883372e-10j]
 [-3.99982962e-06+1.45225751e-10j -2.12454887e-08-1.17166286e-03j]]"
855.5603993276203j,"[[-1.95295255e-08-1.16879503e-03j -3.97073395e-06+1.43181677e-10j]
 [-3.98016715e-06+1.43521548e-10j -2.13556498e-08-1.16879503e-03j]]"
857.6547944300136j,"[[-1.95778520e-08-1.16594106e-03j -3.95152625e-06+1.36052201e-10j]
 [-3.96091344e-06+1.36389587e-10j -2.11108164e-08-1.16594106e-03j]]"
859.7491895324066j,"[[-1.94490010e-08-1.16310071e-03j -3.93273866e-06+1.35602043e-10j]
 [-3.94208017e-06+1.35936970e-10j -2.10535134e-08-1.16310071e-03j]]"
861.8435846347999j,"[[-1.96053494e-08-1.16027400e-03j -3.91384626e-06+1.38815821e-10j]
 [-3.92314242e-06+1.39148312e-10j -2.06943155e-08-1.16027400e-03j]]"
863.9379797371931j,"[[-1.95188254e-08-1.15746117e-03j -3.89477337e-06+1.41551772e-10j]
 [-3.90402451e-06+1.41881851e-10j -2.05851135e-08-1.15746116e-03j]]"
866.0323748395863j,"[[-1.95752823e-08-1.15466205e-03j -3.87578537e-06+1.37873299e-10j]
 [-3.88499182e-06+1.38200989e-10j -2.03320271e-08-1.15466206e-03j]]"
868.1267699419795j,"[[-1.89409105e-08-1.15187670e-03j -3.85712741e-06+1.36302780e-10j]
 [-3.86628949e-06+1.36628104e-10j -2.07690162e-08-1.15187671e-03j]]"
870.2211650443727j,"[[-1.86816748e-08-1.14910486e-03j -3.83848825e-06+1.36741764e-10j]
 [-3.84760628e-06+1.37064745e-10j -2.08408417e-08-1.14910486e-03j]]"
872.315560146766j,"[[-1.87507122e-08-1.14634601e-03j -3.81978088e-06+1.39663732e-10j]
 [-3.82885519e-06+1.39984392e-10j -2.05797235e-08-1.14634600e-03j]]"
874.409955249159j,"[[-1.88946309e-08-1.14360062e-03j -3.80140865e-06+1.30634507e-10j]
 [-3.81043954e-06+1.30952868e-10j -2.02532207e-08-1.14360061e-03j]]"
876.5043503515523j,"[[-1.90200516e-08-1.14086797e-03j -3.78337243e-06+1.31160044e-10j]
 [-3.79236021e-06+1.31476128e-10j -1.99373173e-08-1.14086797e-03j]]"
878.5987454539454j,"[[-1.87242812e-08-1.13814860e-03j -3.76567258e-06+1.27448441e-10j]
 [-3.77461756e-06+1.27762270e-10j -2.00490155e-08-1.13814861e-03j]]"
880.6931405563387j,"[[-1.82492445e-08-1.13544202e-03j -3.74798885e-06+1.28683720e-10j]
 [-3.75689134e-06+1.28995316e-10j -2.03441719e-08-1.13544203e-03j]]"
882.7875356587319j,"[[-1.81666890e-08-1.13274819e-03j -3.73032865e-06+1.30189954e-10j]
 [-3.73918894e-06+1.30499338e-10j -2.02410874e-08-1.13274819e-03j]]"
884.8819307611251j,"[[-1.81930667e-08-1.13006723e-03j -3.71269453e-06+1.27456438e-10j]
 [-3.72151293e-06+1.27763630e-10j -2.00309153e-08-1.13006722e-03j]]"
886.9763258635184j,"[[-1.83615368e-08-1.12739901e-03j -3.69540486e-06+1.26893588e-10j]
 [-3.70418166e-06+1.27198609e-10j -1.96847500e-08-1.12739900e-03j]]"
889.0707209659114j,"[[-1.84370064e-08-1.12474321e-03j -3.67799790e-06+1.28337765e-10j]
 [-3.68673341e-06+1.28640635e-10j -1.94275154e-08-1.12474320e-03j]]"
891.1651160683047j,"[[-1.82197347e-08-1.12210013e-03j -3.66078331e-06+1.25444130e-10j]
 [-3.66947780e-06+1.25744870e-10j -1.94661158e-08-1.12210014e-03j]]"
893.2595111706978j,"[[-1.81109922e-08-1.11946925e-03j -3.64381136e-06+1.23532716e-10j]
 [-3.65246513e-06+1.23831345e-10j -1.94065418e-08-1.11946925e-03j]]"
895.3539062730911j,"[[-1.79692710e-08-1.11685040e-03j -3.62675414e-06+1.27499900e-10j]
 [-3.63536748e-06+1.27796439e-10j -1.93698061e-08-1.11685040e-03j]]"
897.4483013754842j,"[[-1.80176428e-08-1.11424414e-03j -3.60986926e-06+1.20693323e-10j]
 [-3.61844244e-06+1.20987790e-10j -1.91484990e-08-1.11424413e-03j]]"
899.5426964778775j,"[[-1.81511342e-08-1.11164975e-03j -3.59322745e-06+1.24087639e-10j]
 [-3.60176075e-06+1.24380054e-10j -1.88385932e-08-1.11164974e-03j]]"
901.6370915802705j,"[[-1.79396715e-08-1.10906786e-03j -3.57639884e-06+1.25345800e-10j]
 [-3.58489255e-06+1.25636182e-10j -1.88752061e-08-1.10906787e-03j]]"
903.7314866826638j,"[[-1.75279412e-08-1.10649770e-03j -3.55969758e-06+1.21930237e-10j]
 [-3.56815196e-06+1.22218605e-10j -1.91212545e-08-1.10649771e-03j]]"
905.825881785057j,"[[-1.71581407e-08-1.10393938e-03j -3.54310833e-06+1.25951176e-10j]
 [-3.55152366e-06+1.26237549e-10j -1.93188837e-08-1.10393939e-03j]]"
907.9202768874502j,"[[-1.70936784e-08-1.10139313e-03j -3.52620681e-06+1.28099157e-10j]
 [-3.53458336e-06+1.28383553e-10j -1.92096525e-08-1.10139313e-03j]]"
910.0146719898435j,"[[-1.70452826e-08-1.09885851e-03j -3.50968095e-06+1.18376069e-10j]
 [-3.51801899e-06+1.18658506e-10j -1.90966145e-08-1.09885851e-03j]]"
912.1090670922366j,"[[-1.70651669e-08-1.09633543e-03j -3.49382258e-06+1.13083364e-10j]
 [-3.50212237e-06+1.13363859e-10j -1.89113245e-08-1.09633542e-03j]]"
914.2034621946299j,"[[-1.74026020e-08-1.09382379e-03j -3.47822004e-06+1.10372076e-10j]
 [-3.48648185e-06+1.10650648e-10j -1.84185699e-08-1.09382379e-03j]]"
916.2978572970229j,"[[-1.74958466e-08-1.09132331e-03j -3.46260634e-06+1.17146358e-10j]
 [-3.47083043e-06+1.17423024e-10j -1.81587132e-08-1.09132331e-03j]]"
918.3922523994162j,"[[-1.72729807e-08-1.08883484e-03j -3.44656193e-06+1.18746928e-10j]
 [-3.45474855e-06+1.19021706e-10j -1.82015889e-08-1.08883484e-03j]]"
920.4866475018093j,"[[-1.74297186e-08-1.08635799e-03j -3.43074084e-06+1.15225569e-10j]
 [-3.43889024e-06+1.15498475e-10j -1.78914642e-08-1.08635798e-03j]]"
922.5810426042026j,"[[-1.74121810e-08-1.08389185e-03j -3.41523342e-06+1.11638643e-10j]
 [-3.42334586e-06+1.11909695e-10j -1.77604633e-08-1.08389185e-03j]]"
924.6754377065957j,"[[-1.73686414e-08-1.08143648e-03j -3.39972472e-06+1.15608170e-10j]
 [-3.40780045e-06+1.15877384e-10j -1.76454207e-08-1.08143648e-03j]]"
926.769832808989j,"[[-1.73564935e-08-1.07899243e-03j -3.38422824e-06+1.14687229e-10j]
 [-3.39226752e-06+1.14954622e-10j -1.74972448e-08-1.07899242e-03j]]"
928.8642279113823j,"[[-1.74019444e-08-1.07655940e-03j -3.36881424e-06+1.12428551e-10j]
 [-3.37681731e-06+1.12694140e-10j -1.72924806e-08-1.07655940e-03j]]"
930.9586230137753j,"[[-1.72909702e-08-1.07413762e-03j -3.35366493e-06+1.11493943e-10j]
 [-3.36163203e-06+1.11757743e-10j -1.72344185e-08-1.07413763e-03j]]"
933.0530181161686j,"[[-1.66488300e-08-1.07172705e-03j -3.33842211e-06+1.14830160e-10j]
 [-3.34635348e-06+1.15092188e-10j -1.77259122e-08-1.07172707e-03j]]"
935.1474132185617j,"[[-1.62049031e-08-1.06932709e-03j -3.32282237e-06+1.17838863e-10j]
 [-3.33071825e-06+1.18099134e-10j -1.80188232e-08-1.06932709e-03j]]"
937.241808320955j,"[[-1.60852377e-08-1.06693778e-03j -3.30787962e-06+1.04821704e-10j]
 [-3.31574026e-06+1.05080234e-10j -1.79871031e-08-1.06693777e-03j]]"
939.3362034233481j,"[[-1.60379543e-08-1.06455892e-03j -3.29303687e-06+1.14002596e-10j]
 [-3.30086249e-06+1.14259401e-10j -1.78812453e-08-1.06455892e-03j]]"
941.4305985257414j,"[[-1.59222439e-08-1.06219112e-03j -3.27790788e-06+1.10938875e-10j]
 [-3.28569872e-06+1.11193969e-10j -1.78355213e-08-1.06219112e-03j]]"
943.5249936281344j,"[[-1.58578727e-08-1.05983356e-03j -3.26342544e-06+1.01145542e-10j]
 [-3.27118173e-06+1.01398941e-10j -1.77685746e-08-1.05983356e-03j]]"
945.6193887305277j,"[[-1.57546942e-08-1.05748596e-03j -3.24964185e-06+9.63646760e-11j]
 [-3.25736382e-06+9.66163953e-11j -1.77272669e-08-1.05748596e-03j]]"
947.7137838329209j,"[[-1.58219298e-08-1.05514887e-03j -3.23554119e-06+1.09006663e-10j]
 [-3.24322907e-06+1.09256717e-10j -1.75043548e-08-1.05514886e-03j]]"
949.8081789353141j,"[[-1.60497704e-08-1.05282240e-03j -3.22089141e-06+1.07043083e-10j]
 [-3.22854543e-06+1.07291487e-10j -1.71237488e-08-1.05282240e-03j]]"
951.9025740377074j,"[[-1.59310480e-08-1.05050637e-03j -3.20675855e-06+1.02635124e-10j]
 [-3.21437892e-06+1.02881892e-10j -1.70941154e-08-1.05050638e-03j]]"
953.9969691401005j,"[[-1.58649583e-08-1.04820024e-03j -3.19267495e-06+1.03296718e-10j]
 [-3.20026190e-06+1.03541864e-10j -1.70226988e-08-1.04820024e-03j]]"
956.0913642424938j,"[[-1.55049527e-08-1.04590414e-03j -3.17869945e-06+1.01841570e-10j]
 [-3.18625319e-06+1.02085108e-10j -1.72354661e-08-1.04590415e-03j]]"
958.1857593448868j,"[[-1.53561158e-08-1.04361819e-03j -3.16480382e-06+1.01769089e-10j]
 [-3.17232458e-06+1.02011034e-10j -1.72489395e-08-1.04361819e-03j]]"
960.2801544472801j,"[[-1.51749547e-08-1.04134180e-03j -3.15078810e-06+1.05547987e-10j]
 [-3.15827609e-06+1.05788353e-10j -1.72905702e-08-1.04134179e-03j]]"
962.3745495496732j,"[[-1.56197190e-08-1.03907546e-03j -3.13691753e-06+1.00388878e-10j]
 [-3.14437297e-06+1.00627677e-10j -1.66978927e-08-1.03907545e-03j]]"
964.4689446520665j,"[[-1.58020325e-08-1.03681927e-03j -3.12332301e-06+1.00564957e-10j]
 [-3.13074610e-06+1.00802205e-10j -1.63724782e-08-1.03681926e-03j]]"
966.5633397544597j,"[[-1.58215921e-08-1.03457270e-03j -3.10974759e-06+9.95719408e-11j]
 [-3.11713854e-06+9.98076491e-11j -1.62218605e-08-1.03457271e-03j]]"
968.6577348568529j,"[[-1.55376035e-08-1.03233574e-03j -3.09641074e-06+9.44234666e-11j]
 [-3.10376977e-06+9.46576493e-11j -1.63590203e-08-1.03233574e-03j]]"
970.752129959246j,"[[-1.56033416e-08-1.03010871e-03j -3.08349482e-06+9.31903339e-11j]
 [-3.09082213e-06+9.34230041e-11j -1.61578118e-08-1.03010870e-03j]]"
972.8465250616392j,"[[-1.56813473e-08-1.02789100e-03j -3.07046213e-06+9.40995689e-11j]
 [-3.07775792e-06+9.43307397e-11j -1.59553862e-08-1.02789100e-03j]]"
974.9409201640325j,"[[-1.53818393e-08-1.02568249e-03j -3.05742239e-06+9.56706258e-11j]
 [-3.06468687e-06+9.59003100e-11j -1.61160350e-08-1.02568250e-03j]]"
977.0353152664256j,"[[-1.50991414e-08-1.02348374e-03j -3.04438618e-06+9.76385620e-11j]
 [-3.05161955e-06+9.78667724e-11j -1.62578556e-08-1.02348374e-03j]]"
979.1297103688189j,"[[-1.50480121e-08-1.02129462e-03j -3.03114854e-06+9.94946894e-11j]
 [-3.03835100e-06+9.97214384e-11j -1.61703705e-08-1.02129462e-03j]]"
981.224105471212j,"[[-1.50871712e-08-1.01911488e-03j -3.01782818e-06+1.02210837e-10j]
 [-3.02499992e-06+1.02436137e-10j -1.60001140e-08-1.01911487e-03j]]"
983.3185005736053j,"[[-1.51365466e-08-1.01694434e-03j -3.00452652e-06+9.76400885e-11j]
 [-3.01166774e-06+9.78639521e-11j -1.58147425e-08-1.01694435e-03j]]"
985.4128956759984j,"[[-1.48167668e-08-1.01478336e-03j -2.99178842e-06+9.08928630e-11j]
 [-2.99889933e-06+9.11153022e-11j -1.60019673e-08-1.01478336e-03j]]"
987.5072907783916j,"[[-1.49635441e-08-1.01263133e-03j -2.97932225e-06+9.13734074e-11j]
 [-2.98640302e-06+9.15944342e-11j -1.57288352e-08-1.01263132e-03j]]"
989.6016858807848j,"[[-1.50400436e-08-1.01048813e-03j -2.96665145e-06+9.47677427e-11j]
 [-2.97370228e-06+9.49873692e-11j -1.55252176e-08-1.01048813e-03j]]"
991.696080983178j,"[[-1.50861478e-08-1.00835408e-03j -2.95399382e-06+9.35762770e-11j]
 [-2.96101490e-06+9.37945149e-11j -1.53499871e-08-1.00835408e-03j]]"
993.7904760855712j,"[[-1.50552438e-08-1.00622888e-03j -2.94148140e-06+9.03880175e-11j]
 [-2.94847292e-06+9.06048786e-11j -1.52604744e-08-1.00622888e-03j]]"
995.8848711879644j,"[[-1.48002835e-08-1.00411234e-03j -2.92914022e-06+9.18965727e-11j]
 [-2.93610237e-06+9.21120685e-11j -1.53853725e-08-1.00411235e-03j]]"
997.9792662903577j,"[[-1.46376708e-08-1.00200524e-03j -2.91661836e-06+9.42220720e-11j]
 [-2.92355131e-06+9.44362139e-11j -1.54067518e-08-1.00200524e-03j]]"
1000.0736613927508j,"[[-1.47234322e-08-9.99907282e-04j -2.90426413e-06+8.91981711e-11j]
 [-2.91116807e-06+8.94109704e-11j -1.51986543e-08-9.99907280e-04j]]"
1002.168056495144j,"[[-1.46176567e-08-9.97817615e-04j -2.89206612e-06+9.00038518e-11j]
 [-2.89894124e-06+9.02153197e-11j -1.51875737e-08-9.97817619e-04j]]"
1004.2624515975372j,"[[-1.44144978e-08-9.95736918e-04j -2.87982928e-06+9.12091392e-11j]
 [-2.88667575e-06+9.14192868e-11j -1.52511324e-08-9.95736919e-04j]]"
1006.3568466999304j,"[[-1.44282160e-08-9.93665234e-04j -2.86767146e-06+8.99748804e-11j]
 [-2.87448946e-06+9.01837185e-11j -1.51166766e-08-9.93665228e-04j]]"
1008.4512418023236j,"[[-1.47481029e-08-9.91601936e-04j -2.85542521e-06+9.19603698e-11j]
 [-2.86221492e-06+9.21679095e-11j -1.46826063e-08-9.91601927e-04j]]"
1010.5456369047168j,"[[-1.47080977e-08-9.89546771e-04j -2.84317329e-06+9.22568767e-11j]
 [-2.84993489e-06+9.24631286e-11j -1.46086766e-08-9.89546778e-04j]]"
1012.6400320071099j,"[[-1.42139668e-08-9.87500144e-04j -2.83103855e-06+8.65753607e-11j]
 [-2.83777221e-06+8.67803356e-11j -1.49689795e-08-9.87500157e-04j]]"
1014.7344271095031j,"[[-1.39270587e-08-9.85462246e-04j -2.81968836e-06+7.67927699e-11j]
 [-2.82639425e-06+7.69964782e-11j -1.51448345e-08-9.85462244e-04j]]"
1016.8288222118964j,"[[-1.40863677e-08-9.83432119e-04j -2.80856731e-06+8.09174985e-11j]
 [-2.81524561e-06+8.11199506e-11j -1.48718737e-08-9.83432111e-04j]]"
1018.9232173142896j,"[[-1.42361249e-08-9.81410689e-04j -2.79714546e-06+8.47708195e-11j]
 [-2.80379633e-06+8.49720258e-11j -1.45892150e-08-9.81410693e-04j]]"
1021.0176124166828j,"[[-1.38602659e-08-9.79397844e-04j -2.78578104e-06+8.07086931e-11j]
 [-2.79240465e-06+8.09086637e-11j -1.48516070e-08-9.79397852e-04j]]"
1023.112007519076j,"[[-1.37383676e-08-9.77392978e-04j -2.77445258e-06+8.48264586e-11j]
 [-2.78104910e-06+8.50252037e-11j -1.48541752e-08-9.77392971e-04j]]"
1025.2064026214691j,"[[-1.38794212e-08-9.75396463e-04j -2.76298949e-06+8.43811706e-11j]
 [-2.76955909e-06+8.45787001e-11j -1.45976403e-08-9.75396462e-04j]]"
1027.3007977238624j,"[[-1.37639051e-08-9.73407810e-04j -2.75175615e-06+8.07859853e-11j]
 [-2.75829899e-06+8.09823092e-11j -1.46054713e-08-9.73407811e-04j]]"
1029.3951928262557j,"[[-1.36291065e-08-9.71427234e-04j -2.74058850e-06+8.19449528e-11j]
 [-2.74710474e-06+8.21400807e-11j -1.46123910e-08-9.71427237e-04j]]"
1031.4895879286487j,"[[-1.35054962e-08-9.69455113e-04j -2.72966215e-06+7.65204992e-11j]
 [-2.73615196e-06+7.67144410e-11j -1.46252065e-08-9.69455115e-04j]]"
1033.583983031042j,"[[-1.34923357e-08-9.67490403e-04j -2.71891513e-06+7.89357583e-11j]
 [-2.72537866e-06+7.91285235e-11j -1.45390434e-08-9.67490397e-04j]]"
1035.678378133435j,"[[-1.36550933e-08-9.65533542e-04j -2.70801248e-06+8.12587193e-11j]
 [-2.71444990e-06+8.14503174e-11j -1.42559022e-08-9.65533539e-04j]]"
1037.7727732358283j,"[[-1.35809926e-08-9.63584860e-04j -2.69695743e-06+8.32710631e-11j]
 [-2.70336889e-06+8.34615036e-11j -1.42125531e-08-9.63584860e-04j]]"
1039.8671683382215j,"[[-1.35667754e-08-9.61644258e-04j -2.68588157e-06+8.20596751e-11j]
 [-2.69226723e-06+8.22489672e-11j -1.41074607e-08-9.61644255e-04j]]"
1041.9615634406148j,"[[-1.37626937e-08-9.59711604e-04j -2.67512200e-06+7.73104030e-11j]
 [-2.68148201e-06+7.74985559e-11j -1.38059240e-08-9.59711597e-04j]]"
1044.055958543008j,"[[-1.38809517e-08-9.57786424e-04j -2.66460229e-06+7.57397872e-11j]
 [-2.67093681e-06+7.59268101e-11j -1.35779647e-08-9.57786428e-04j]]"
1046.150353645401j,"[[-1.35249821e-08-9.55869034e-04j -2.65421753e-06+7.42467420e-11j]
 [-2.66052672e-06+7.44326438e-11j -1.38279468e-08-9.55869040e-04j]]"
1048.2447487477943j,"[[-1.32684597e-08-9.53959171e-04j -2.64384995e-06+7.55659668e-11j]
 [-2.65013395e-06+7.57507566e-11j -1.39715709e-08-9.53959174e-04j]]"
1050.3391438501874j,"[[-1.32606478e-08-9.52057041e-04j -2.63335534e-06+7.87574790e-11j]
 [-2.63961430e-06+7.89411655e-11j -1.38713469e-08-9.52057041e-04j]]"
1052.4335389525806j,"[[-1.30139283e-08-9.50162592e-04j -2.62284691e-06+7.66884698e-11j]
 [-2.62908099e-06+7.68710619e-11j -1.40027024e-08-9.50162597e-04j]]"
1054.527934054974j,"[[-1.29159191e-08-9.48275894e-04j -2.61244912e-06+7.50583674e-11j]
 [-2.61865847e-06+7.52398737e-11j -1.39943005e-08-9.48275891e-04j]]"
1056.6223291573672j,"[[-1.30630131e-08-9.46396447e-04j -2.60231451e-06+7.22796448e-11j]
 [-2.60849925e-06+7.24600738e-11j -1.37453784e-08-9.46396444e-04j]]"
1058.7167242597602j,"[[-1.30191595e-08-9.44524236e-04j -2.59225471e-06+7.25576176e-11j]
 [-2.59841501e-06+7.27369781e-11j -1.36906772e-08-9.44524239e-04j]]"
1060.8111193621535j,"[[-1.28297739e-08-9.42659266e-04j -2.58233618e-06+6.94395209e-11j]
 [-2.58847218e-06+6.96178211e-11j -1.37712878e-08-9.42659267e-04j]]"
1062.9055144645467j,"[[-1.28345059e-08-9.40801756e-04j -2.57247193e-06+7.28831781e-11j]
 [-2.57858377e-06+7.30604264e-11j -1.36631852e-08-9.40801754e-04j]]"
1064.9999095669398j,"[[-1.27556541e-08-9.38951569e-04j -2.56246023e-06+7.36335385e-11j]
 [-2.56854806e-06+7.38097432e-11j -1.36351173e-08-9.38951572e-04j]]"
1067.094304669333j,"[[-1.26335808e-08-9.37108834e-04j -2.55229984e-06+7.54981438e-11j]
 [-2.55836380e-06+7.56733130e-11j -1.36526224e-08-9.37108836e-04j]]"
1069.1886997717263j,"[[-1.26301694e-08-9.35273283e-04j -2.54220555e-06+7.33184466e-11j]
 [-2.54824578e-06+7.34925884e-11j -1.35437684e-08-9.35273282e-04j]]"
1071.2830948741196j,"[[-1.24876810e-08-9.33445153e-04j -2.53236431e-06+6.98531188e-11j]
 [-2.53838093e-06+7.00262412e-11j -1.35905637e-08-9.33445157e-04j]]"
1073.3774899765126j,"[[-1.24188227e-08-9.31623842e-04j -2.52276551e-06+6.96689308e-11j]
 [-2.52875869e-06+6.98410417e-11j -1.35635023e-08-9.31623839e-04j]]"
1075.4718850789059j,"[[-1.25160358e-08-9.29809612e-04j -2.51297597e-06+7.25452446e-11j]
 [-2.51894582e-06+7.27163520e-11j -1.33631133e-08-9.29809614e-04j]]"
1077.566280181299j,"[[-1.23012987e-08-9.28002260e-04j -2.50320792e-06+7.06388108e-11j]
 [-2.50915459e-06+7.08089224e-11j -1.34840685e-08-9.28002260e-04j]]"
1079.6606752836922j,"[[-1.24388399e-08-9.26201878e-04j -2.49363646e-06+6.98646139e-11j]
 [-2.49956008e-06+7.00337375e-11j -1.32407542e-08-9.26201871e-04j]]"
1081.7550703860854j,"[[-1.25368326e-08-9.24408928e-04j -2.48386582e-06+7.31702625e-11j]
 [-2.48976652e-06+7.33384057e-11j -1.30329729e-08-9.24408926e-04j]]"
1083.8494654884787j,"[[-1.25120342e-08-9.22622821e-04j -2.47412608e-06+7.20202164e-11j]
 [-2.48000400e-06+7.21873867e-11j -1.29692665e-08-9.22622824e-04j]]"
1085.943860590872j,"[[-1.23733489e-08-9.20843400e-04j -2.46448156e-06+7.12085142e-11j]
 [-2.47033683e-06+7.13747191e-11j -1.30135450e-08-9.20843401e-04j]]"
1088.038255693265j,"[[-1.23269249e-08-9.19070599e-04j -2.45484886e-06+7.09471884e-11j]
 [-2.46068161e-06+7.11124354e-11j -1.29641383e-08-9.19070599e-04j]]"
1090.1326507956583j,"[[-1.22362984e-08-9.17304816e-04j -2.44531492e-06+7.09223150e-11j]
 [-2.45112528e-06+7.10866114e-11j -1.29473141e-08-9.17304815e-04j]]"
1092.2270458980513j,"[[-1.23528004e-08-9.15546093e-04j -2.43575984e-06+7.13329957e-11j]
 [-2.44154793e-06+7.14963488e-11j -1.27332997e-08-9.15546091e-04j]]"
1094.3214410004446j,"[[-1.24767815e-08-9.13793991e-04j -2.42610445e-06+7.30281413e-11j]
 [-2.43187042e-06+7.31905583e-11j -1.25179826e-08-9.13793991e-04j]]"
1096.4158361028378j,"[[-1.21802124e-08-9.12048691e-04j -2.41662654e-06+6.72967816e-11j]
 [-2.42237050e-06+6.74582695e-11j -1.27116550e-08-9.12048700e-04j]]"
1098.510231205231j,"[[-1.19696037e-08-9.10309988e-04j -2.40758964e-06+6.29249377e-11j]
 [-2.41331171e-06+6.30855037e-11j -1.28375126e-08-9.10309989e-04j]]"
1100.6046263076241j,"[[-1.19519978e-08-9.08577500e-04j -2.39871254e-06+6.56746908e-11j]
 [-2.40441286e-06+6.58343419e-11j -1.27619345e-08-9.08577497e-04j]]"
1102.6990214100174j,"[[-1.20383529e-08-9.06851932e-04j -2.38957333e-06+6.77805508e-11j]
 [-2.39525201e-06+6.79392939e-11j -1.25781400e-08-9.06851926e-04j]]"
1104.7934165124104j,"[[-1.20620703e-08-9.05132718e-04j -2.38037625e-06+6.75388998e-11j]
 [-2.38603343e-06+6.76967420e-11j -1.24637074e-08-9.05132719e-04j]]"
1106.8878116148037j,"[[-1.19835830e-08-9.03420025e-04j -2.37126581e-06+6.82326642e-11j]
 [-2.37690160e-06+6.83896120e-11j -1.24482720e-08-9.03420024e-04j]]"
1108.982206717197j,"[[-1.20875019e-08-9.01714053e-04j -2.36215838e-06+6.73155784e-11j]
 [-2.36777290e-06+6.74716386e-11j -1.22451976e-08-9.01714043e-04j]]"
1111.0766018195902j,"[[-1.25577275e-08-9.00014559e-04j -2.35311654e-06+6.70322867e-11j]
 [-2.35870991e-06+6.71874661e-11j -1.16846821e-08-9.00014550e-04j]]"
1113.1709969219835j,"[[-1.25997705e-08-8.98321353e-04j -2.34410971e-06+6.86575809e-11j]
 [-2.34968206e-06+6.88118861e-11j -1.15550998e-08-8.98321356e-04j]]"
1115.2653920243765j,"[[-1.23699018e-08-8.96634178e-04j -2.33502598e-06+6.69691114e-11j]
 [-2.34057742e-06+6.71225489e-11j -1.17055543e-08-8.96634182e-04j]]"
1117.3597871267698j,"[[-1.21490856e-08-8.94953425e-04j -2.32617614e-06+6.43561419e-11j]
 [-2.33170678e-06+6.45087182e-11j -1.18236359e-08-8.94953428e-04j]]"
1119.4541822291628j,"[[-1.19380331e-08-8.93279161e-04j -2.31756261e-06+6.30950345e-11j]
 [-2.32307258e-06+6.32467560e-11j -1.19482657e-08-8.93279167e-04j]]"
1121.548577331556j,"[[-1.16794453e-08-8.91610985e-04j -2.30894964e-06+6.16073567e-11j]
 [-2.31443905e-06+6.17582298e-11j -1.21179743e-08-8.91610988e-04j]]"
1123.6429724339494j,"[[-1.16887263e-08-8.89949214e-04j -2.30063176e-06+6.01515911e-11j]
 [-2.30610073e-06+6.03016221e-11j -1.20168241e-08-8.89949211e-04j]]"
1125.7373675363426j,"[[-1.17709814e-08-8.88293564e-04j -2.29213701e-06+6.38311301e-11j]
 [-2.29758565e-06+6.39803253e-11j -1.18464123e-08-8.88293565e-04j]]"
1127.8317626387357j,"[[-1.15068081e-08-8.86644178e-04j -2.28359753e-06+6.27713081e-11j]
 [-2.28902595e-06+6.29196736e-11j -1.20232349e-08-8.86644184e-04j]]"
1129.926157741129j,"[[-1.12185126e-08-8.85000680e-04j -2.27501825e-06+6.59973876e-11j]
 [-2.28042656e-06+6.61449296e-11j -1.22282923e-08-8.85000685e-04j]]"
1132.0205528435222j,"[[-1.12472574e-08-8.83363378e-04j -2.26641222e-06+6.25538029e-11j]
 [-2.27180054e-06+6.27005276e-11j -1.21095699e-08-8.83363376e-04j]]"
1134.1149479459152j,"[[-1.11158893e-08-8.81732136e-04j -2.25813785e-06+5.99395133e-11j]
 [-2.26350629e-06+6.00854266e-11j -1.21579643e-08-8.81732139e-04j]]"
1136.2093430483085j,"[[-1.10279734e-08-8.80106931e-04j -2.24991441e-06+6.01367704e-11j]
 [-2.25526307e-06+6.02818783e-11j -1.21514048e-08-8.80106928e-04j]]"
1138.3037381507017j,"[[-1.11027780e-08-8.78487915e-04j -2.24179040e-06+5.80258151e-11j]
 [-2.24711940e-06+5.81701234e-11j -1.19935149e-08-8.78487914e-04j]]"
1140.398133253095j,"[[-1.10324608e-08-8.76874654e-04j -2.23374495e-06+5.83881107e-11j]
 [-2.23905440e-06+5.85316255e-11j -1.19812962e-08-8.76874652e-04j]]"
1142.492528355488j,"[[-1.11037212e-08-8.75267322e-04j -2.22552095e-06+6.19162159e-11j]
 [-2.23081095e-06+6.20589428e-11j -1.18266572e-08-8.75267317e-04j]]"
1144.5869234578813j,"[[-1.11787147e-08-8.73665787e-04j -2.21722000e-06+6.11545435e-11j]
 [-2.22249066e-06+6.12964884e-11j -1.16672643e-08-8.73665786e-04j]]"
1146.6813185602743j,"[[-1.11338228e-08-8.72070239e-04j -2.20911310e-06+5.75620152e-11j]
 [-2.21436452e-06+5.77031836e-11j -1.16295880e-08-8.72070240e-04j]]"
1148.7757136626676j,"[[-1.10479820e-08-8.70480284e-04j -2.20129578e-06+5.47539890e-11j]
 [-2.20652806e-06+5.48943868e-11j -1.16373122e-08-8.70480282e-04j]]"
1150.8701087650609j,"[[-1.11797186e-08-8.68896132e-04j -2.19351860e-06+5.64464927e-11j]
 [-2.19873186e-06+5.65861254e-11j -1.14206424e-08-8.68896129e-04j]]"
