iw_n,G_iw_n
-470.92473877310994j,[[-1.67801495e-08+0.00212337j]]
-470.296420242392j,[[-1.6833613e-08+0.00212621j]]
-469.66810171167407j,[[-1.68785421e-08+0.00212905j]]
-469.03978318095614j,[[-1.69315097e-08+0.0021319j]]
-468.41146465023814j,[[-1.69735306e-08+0.00213476j]]
-467.7831461195202j,[[-1.70126639e-08+0.00213763j]]
-467.1548275888023j,[[-1.70505218e-08+0.00214051j]]
-466.52650905808434j,[[-1.71210904e-08+0.00214339j]]
-465.8981905273663j,[[-1.71583805e-08+0.00214628j]]
-465.26987199664836j,[[-1.72067591e-08+0.00214918j]]
-464.64155346593043j,[[-1.72572702e-08+0.00215208j]]
-464.0132349352124j,[[-1.72971035e-08+0.002155j]]
-463.38491640449445j,[[-1.73547526e-08+0.00215792j]]
-462.7565978737765j,[[-1.73916265e-08+0.00216084j]]
-462.1282793430586j,[[-1.74423597e-08+0.00216378j]]
-461.4999608123406j,[[-1.74703623e-08+0.00216673j]]
-460.87164228162266j,[[-1.75520135e-08+0.00216968j]]
-460.2433237509047j,[[-1.75801227e-08+0.00217265j]]
-459.6150052201868j,[[-1.7629316e-08+0.00217561j]]
-458.98668668946874j,[[-1.768023e-08+0.00217859j]]
-458.3583681587508j,[[-1.77270447e-08+0.00218157j]]
-457.7300496280329j,[[-1.7767283e-08+0.00218457j]]
-457.1017310973149j,[[-1.78346098e-08+0.00218757j]]
-456.47341256659695j,[[-1.78737193e-08+0.00219058j]]
-455.845094035879j,[[-1.7928297e-08+0.0021936j]]
-455.2167755051611j,[[-1.79695905e-08+0.00219663j]]
-454.58845697444303j,[[-1.80181024e-08+0.00219967j]]
-453.9601384437251j,[[-1.80749752e-08+0.00220271j]]
-453.33181991300717j,[[-1.81273091e-08+0.00220576j]]
-452.70350138228923j,[[-1.81722413e-08+0.00220882j]]
-452.0751828515712j,[[-1.82197553e-08+0.0022119j]]
-451.44686432085325j,[[-1.82747588e-08+0.00221497j]]
-450.8185457901353j,[[-1.83218121e-08+0.00221806j]]
-450.1902272594173j,[[-1.83745097e-08+0.00222115j]]
-449.5619087286994j,[[-1.8440345e-08+0.00222426j]]
-448.93359019798146j,[[-1.84819569e-08+0.00222737j]]
-448.3052716672635j,[[-1.85428941e-08+0.00223049j]]
-447.6769531365455j,[[-1.85944426e-08+0.00223362j]]
-447.04863460582754j,[[-1.86217545e-08+0.00223676j]]
-446.4203160751096j,[[-1.86859436e-08+0.00223991j]]
-445.7919975443917j,[[-1.87529138e-08+0.00224307j]]
-445.1636790136737j,[[-1.87954898e-08+0.00224623j]]
-444.53536048295575j,[[-1.88555761e-08+0.00224941j]]
-443.9070419522378j,[[-1.88947459e-08+0.00225259j]]
-443.27872342151977j,[[-1.89401946e-08+0.00225578j]]
-442.65040489080184j,[[-1.90069306e-08+0.00225898j]]
-442.0220863600839j,[[-1.90582898e-08+0.00226219j]]
-441.39376782936597j,[[-1.91199863e-08+0.00226541j]]
-440.7654492986479j,[[-1.9164844e-08+0.00226864j]]
-440.13713076793j,[[-1.92059199e-08+0.00227188j]]
-439.50881223721206j,[[-1.92762862e-08+0.00227513j]]
-438.88049370649406j,[[-1.93427618e-08+0.00227838j]]
-438.25217517577613j,[[-1.94018909e-08+0.00228165j]]
-437.6238566450582j,[[-1.94615273e-08+0.00228493j]]
-436.99553811434026j,[[-1.95147109e-08+0.00228821j]]
-436.3672195836222j,[[-1.95578987e-08+0.00229151j]]
-435.7389010529043j,[[-1.96084529e-08+0.00229481j]]
-435.11058252218635j,[[-1.96693173e-08+0.00229812j]]
-434.4822639914684j,[[-1.97317265e-08+0.00230145j]]
-433.8539454607504j,[[-1.97810121e-08+0.00230478j]]
-433.2256269300325j,[[-1.98334776e-08+0.00230812j]]
-432.59730839931456j,[[-1.99045712e-08+0.00231147j]]
-431.9689898685965j,[[-1.9968134e-08+0.00231484j]]
-431.3406713378786j,[[-2.00292473e-08+0.00231821j]]
-430.71235280716064j,[[-2.00800698e-08+0.00232158j]]
-430.0840342764427j,[[-2.01347174e-08+0.00232498j]]
-429.45571574572466j,[[-2.01900632e-08+0.00232838j]]
-428.8273972150067j,[[-2.02582118e-08+0.00233179j]]
-428.1990786842888j,[[-2.02997039e-08+0.00233521j]]
-427.57076015357086j,[[-2.03672967e-08+0.00233864j]]
-426.94244162285287j,[[-2.04247991e-08+0.00234209j]]
-426.31412309213493j,[[-2.04910085e-08+0.00234554j]]
-425.685804561417j,[[-2.05497864e-08+0.002349j]]
-425.05748603069895j,[[-2.06131132e-08+0.00235247j]]
-424.429167499981j,[[-2.06866842e-08+0.00235596j]]
-423.8008489692631j,[[-2.07558248e-08+0.00235944j]]
-423.17253043854515j,[[-2.08115837e-08+0.00236295j]]
-422.54421190782716j,[[-2.08555693e-08+0.00236646j]]
-421.9158933771092j,[[-2.09156601e-08+0.00236998j]]
-421.2875748463913j,[[-2.09575587e-08+0.00237352j]]
-420.65925631567336j,[[-2.10605017e-08+0.00237706j]]
-420.0309377849553j,[[-2.11073222e-08+0.00238062j]]
-419.4026192542374j,[[-2.11709977e-08+0.00238418j]]
-418.77430072351945j,[[-2.12305403e-08+0.00238775j]]
-418.1459821928014j,[[-2.12943566e-08+0.00239135j]]
-417.51766366208346j,[[-2.13556914e-08+0.00239495j]]
-416.88934513136553j,[[-2.14321178e-08+0.00239855j]]
-416.2610266006476j,[[-2.14684458e-08+0.00240217j]]
-415.6327080699296j,[[-2.15728097e-08+0.00240581j]]
-415.0043895392117j,[[-2.16389516e-08+0.00240945j]]
-414.37607100849374j,[[-2.16978563e-08+0.0024131j]]
-413.7477524777758j,[[-2.17648606e-08+0.00241676j]]
-413.11943394705776j,[[-2.18195795e-08+0.00242044j]]
-412.4911154163398j,[[-2.18773651e-08+0.00242413j]]
-411.8627968856219j,[[-2.19627256e-08+0.00242783j]]
-411.2344783549039j,[[-2.20048348e-08+0.00243153j]]
-410.60615982418597j,[[-2.20816795e-08+0.00243525j]]
-409.97784129346803j,[[-2.21515305e-08+0.00243898j]]
-409.34952276275004j,[[-2.2245634e-08+0.00244272j]]
-408.7212042320321j,[[-2.22820601e-08+0.00244648j]]
-408.0928857013141j,[[-2.23430363e-08+0.00245025j]]
-407.4645671705962j,[[-2.2423679e-08+0.00245402j]]
-406.8362486398782j,[[-2.24980725e-08+0.00245782j]]
-406.20793010916026j,[[-2.25711558e-08+0.00246162j]]
-405.57961157844227j,[[-2.2622155e-08+0.00246543j]]
-404.95129304772433j,[[-2.27021709e-08+0.00246925j]]
-404.3229745170064j,[[-2.2776441e-08+0.00247309j]]
-403.6946559862884j,[[-2.28328443e-08+0.00247694j]]
-403.0663374555705j,[[-2.29039043e-08+0.0024808j]]
-402.4380189248525j,[[-2.29736343e-08+0.00248467j]]
-401.80970039413455j,[[-2.30477731e-08+0.00248856j]]
-401.18138186341656j,[[-2.31237333e-08+0.00249246j]]
-400.5530633326986j,[[-2.32234022e-08+0.00249637j]]
-399.92474480198064j,[[-2.32938091e-08+0.00250029j]]
-399.2964262712627j,[[-2.33730477e-08+0.00250422j]]
-398.66810774054477j,[[-2.34181903e-08+0.00250817j]]
-398.0397892098268j,[[-2.34995758e-08+0.00251213j]]
-397.41147067910885j,[[-2.35955503e-08+0.0025161j]]
-396.78315214839085j,[[-2.3668456e-08+0.00252008j]]
-396.1548336176729j,[[-2.37349666e-08+0.00252408j]]
-395.52651508695493j,[[-2.37871673e-08+0.00252809j]]
-394.898196556237j,[[-2.38970103e-08+0.00253212j]]
-394.269878025519j,[[-2.39665771e-08+0.00253614j]]
-393.6415594948011j,[[-2.40260318e-08+0.00254019j]]
-393.01324096408314j,[[-2.40954589e-08+0.00254425j]]
-392.3849224333652j,[[-2.4165138e-08+0.00254832j]]
-391.7566039026472j,[[-2.42475646e-08+0.0025524j]]
-391.1282853719292j,[[-2.43372881e-08+0.00255651j]]
-390.4999668412113j,[[-2.4423205e-08+0.00256062j]]
-389.8716483104933j,[[-2.45277954e-08+0.00256475j]]
-389.24332977977537j,[[-2.45738995e-08+0.00256888j]]
-388.6150112490574j,[[-2.46547094e-08+0.00257304j]]
-387.98669271833944j,[[-2.47339823e-08+0.0025772j]]
-387.3583741876215j,[[-2.480116e-08+0.00258139j]]
-386.7300556569036j,[[-2.48740454e-08+0.00258558j]]
-386.1017371261856j,[[-2.49434832e-08+0.00258979j]]
-385.47341859546765j,[[-2.50496355e-08+0.00259401j]]
-384.84510006474966j,[[-2.51442788e-08+0.00259825j]]
-384.21678153403167j,[[-2.52414532e-08+0.0026025j]]
-383.58846300331373j,[[-2.53123425e-08+0.00260676j]]
-382.96014447259574j,[[-2.53955186e-08+0.00261103j]]
-382.3318259418778j,[[-2.54984605e-08+0.00261531j]]
-381.7035074111599j,[[-2.5565075e-08+0.00261963j]]
-381.07518888044194j,[[-2.56503708e-08+0.00262394j]]
-380.44687034972395j,[[-2.57208503e-08+0.00262827j]]
-379.818551819006j,[[-2.58157563e-08+0.00263262j]]
-379.190233288288j,[[-2.59087046e-08+0.00263698j]]
-378.56191475757004j,[[-2.60194263e-08+0.00264136j]]
-377.9335962268521j,[[-2.60839384e-08+0.00264574j]]
-377.3052776961341j,[[-2.61836849e-08+0.00265014j]]
-376.6769591654162j,[[-2.62333851e-08+0.00265457j]]
-376.04864063469824j,[[-2.63444577e-08+0.00265901j]]
-375.4203221039803j,[[-2.64210043e-08+0.00266346j]]
-374.7920035732623j,[[-2.6508633e-08+0.00266791j]]
-374.1636850425444j,[[-2.6577797e-08+0.00267239j]]
-373.5353665118264j,[[-2.66859483e-08+0.00267689j]]
-372.90704798110846j,[[-2.67685392e-08+0.0026814j]]
-372.2787294503905j,[[-2.68633813e-08+0.00268592j]]
-371.6504109196725j,[[-2.6941098e-08+0.00269046j]]
-371.02209238895455j,[[-2.70508674e-08+0.00269502j]]
-370.3937738582366j,[[-2.71272923e-08+0.00269959j]]
-369.7654553275187j,[[-2.72318903e-08+0.00270418j]]
-369.1371367968007j,[[-2.73257555e-08+0.00270879j]]
-368.50881826608276j,[[-2.74373828e-08+0.0027134j]]
-367.88049973536477j,[[-2.74842045e-08+0.00271803j]]
-367.25218120464683j,[[-2.76022712e-08+0.00272269j]]
-366.62386267392884j,[[-2.76925345e-08+0.00272734j]]
-365.9955441432109j,[[-2.78043159e-08+0.00273202j]]
-365.3672256124929j,[[-2.7911283e-08+0.00273674j]]
-364.738907081775j,[[-2.80057328e-08+0.00274144j]]
-364.11058855105705j,[[-2.81181493e-08+0.00274617j]]
-363.48227002033906j,[[-2.81950678e-08+0.00275091j]]
-362.8539514896211j,[[-2.82742588e-08+0.00275568j]]
-362.22563295890313j,[[-2.83843174e-08+0.00276047j]]
-361.5973144281852j,[[-2.84888856e-08+0.00276525j]]
-360.9689958974672j,[[-2.85712257e-08+0.00277006j]]
-360.3406773667493j,[[-2.86771979e-08+0.00277489j]]
-359.7123588360313j,[[-2.8773347e-08+0.00277973j]]
-359.08404030531335j,[[-2.88546878e-08+0.0027846j]]
-358.4557217745954j,[[-2.8963226e-08+0.00278948j]]
-357.8274032438774j,[[-2.90812334e-08+0.00279439j]]
-357.1990847131595j,[[-2.91781749e-08+0.00279931j]]
-356.5707661824415j,[[-2.9294423e-08+0.00280424j]]
-355.94244765172357j,[[-2.93795556e-08+0.00280918j]]
-355.3141291210056j,[[-2.95141404e-08+0.00281414j]]
-354.68581059028764j,[[-2.95660722e-08+0.00281912j]]
-354.05749205956965j,[[-2.96852219e-08+0.00282412j]]
-353.4291735288517j,[[-2.9816656e-08+0.00282915j]]
-352.8008549981338j,[[-2.99274809e-08+0.00283419j]]
-352.17253646741585j,[[-3.00284473e-08+0.00283924j]]
-351.54421793669786j,[[-3.01200517e-08+0.00284431j]]
-350.91589940597987j,[[-3.02313327e-08+0.00284941j]]
-350.28758087526194j,[[-3.03536651e-08+0.00285451j]]
-349.65926234454395j,[[-3.0467988e-08+0.00285964j]]
-349.030943813826j,[[-3.05814983e-08+0.00286479j]]
-348.402625283108j,[[-3.06829699e-08+0.00286996j]]
-347.7743067523901j,[[-3.07863463e-08+0.00287514j]]
-347.14598822167216j,[[-3.08885543e-08+0.00288034j]]
-346.5176696909542j,[[-3.09783022e-08+0.00288556j]]
-345.88935116023623j,[[-3.11013685e-08+0.00289081j]]
-345.2610326295183j,[[-3.12107997e-08+0.00289606j]]
-344.6327140988003j,[[-3.13542134e-08+0.00290134j]]
-344.0043955680823j,[[-3.14698273e-08+0.00290664j]]
-343.3760770373644j,[[-3.15796844e-08+0.00291196j]]
-342.7477585066464j,[[-3.16823142e-08+0.00291728j]]
-342.11943997592846j,[[-3.1782388e-08+0.00292265j]]
-341.4911214452105j,[[-3.18985858e-08+0.00292804j]]
-340.8628029144926j,[[-3.19988095e-08+0.00293343j]]
-340.2344843837746j,[[-3.21536167e-08+0.00293885j]]
-339.60616585305667j,[[-3.22703701e-08+0.00294428j]]
-338.9778473223387j,[[-3.2371255e-08+0.00294975j]]
-338.3495287916207j,[[-3.25057109e-08+0.00295522j]]
-337.72121026090275j,[[-3.26522643e-08+0.00296072j]]
-337.09289173018476j,[[-3.27772109e-08+0.00296623j]]
-336.4645731994668j,[[-3.29041418e-08+0.00297176j]]
-335.8362546687489j,[[-3.30150988e-08+0.00297731j]]
-335.20793613803096j,[[-3.31182696e-08+0.00298291j]]
-334.57961760731297j,[[-3.32368823e-08+0.00298851j]]
-333.95129907659503j,[[-3.33857212e-08+0.00299413j]]
-333.32298054587704j,[[-3.35091644e-08+0.00299978j]]
-332.6946620151591j,[[-3.36229164e-08+0.00300544j]]
-332.0663434844411j,[[-3.37571478e-08+0.00301112j]]
-331.43802495372313j,[[-3.3897437e-08+0.00301684j]]
-330.8097064230052j,[[-3.39994765e-08+0.00302255j]]
-330.18138789228726j,[[-3.41148275e-08+0.00302832j]]
-329.5530693615693j,[[-3.42776266e-08+0.00303408j]]
-328.92475083085134j,[[-3.44174272e-08+0.00303986j]]
-328.2964323001334j,[[-3.45370576e-08+0.00304568j]]
-327.6681137694154j,[[-3.46679005e-08+0.00305153j]]
-327.0397952386975j,[[-3.47884484e-08+0.00305739j]]
-326.4114767079795j,[[-3.49388835e-08+0.00306328j]]
-325.78315817726156j,[[-3.50986458e-08+0.00306918j]]
-325.15483964654356j,[[-3.52015338e-08+0.0030751j]]
-324.52652111582563j,[[-3.53479189e-08+0.00308107j]]
-323.8982025851077j,[[-3.54913309e-08+0.00308704j]]
-323.2698840543897j,[[-3.56366921e-08+0.00309303j]]
-322.6415655236718j,[[-3.57360213e-08+0.00309905j]]
-322.0132469929538j,[[-3.58822692e-08+0.00310509j]]
-321.38492846223585j,[[-3.60371938e-08+0.00311117j]]
-320.75660993151786j,[[-3.61802462e-08+0.00311726j]]
-320.1282914007999j,[[-3.63182376e-08+0.00312339j]]
-319.49997287008193j,[[-3.64639393e-08+0.00312953j]]
-318.871654339364j,[[-3.66117465e-08+0.00313569j]]
-318.24333580864607j,[[-3.67744549e-08+0.00314189j]]
-317.6150172779281j,[[-3.69084804e-08+0.0031481j]]
-316.98669874721014j,[[-3.70799427e-08+0.00315434j]]
-316.35838021649215j,[[-3.72594921e-08+0.00316059j]]
-315.7300616857742j,[[-3.73580779e-08+0.00316688j]]
-315.1017431550562j,[[-3.75293949e-08+0.00317319j]]
-314.4734246243383j,[[-3.76421999e-08+0.00317952j]]
-313.8451060936203j,[[-3.77905748e-08+0.00318588j]]
-313.21678756290237j,[[-3.79617988e-08+0.00319228j]]
-312.58846903218443j,[[-3.81258574e-08+0.00319871j]]
-311.9601505014665j,[[-3.82362882e-08+0.00320513j]]
-311.3318319707485j,[[-3.84207171e-08+0.00321161j]]
-310.7035134400305j,[[-3.85791092e-08+0.00321809j]]
-310.0751949093126j,[[-3.86865395e-08+0.00322461j]]
-309.4468763785946j,[[-3.88703709e-08+0.00323116j]]
-308.81855784787666j,[[-3.9014544e-08+0.00323773j]]
-308.19023931715867j,[[-3.91728866e-08+0.00324433j]]
-307.56192078644074j,[[-3.93408996e-08+0.00325096j]]
-306.9336022557228j,[[-3.95011508e-08+0.00325763j]]
-306.30528372500487j,[[-3.96776982e-08+0.0032643j]]
-305.6769651942869j,[[-3.98348786e-08+0.00327101j]]
-305.04864666356895j,[[-4.00054658e-08+0.00327774j]]
-304.42032813285095j,[[-4.01772143e-08+0.0032845j]]
-303.79200960213296j,[[-4.03230127e-08+0.0032913j]]
-303.16369107141503j,[[-4.05086714e-08+0.00329811j]]
-302.53537254069704j,[[-4.06489089e-08+0.00330496j]]
-301.9070540099791j,[[-4.0826682e-08+0.00331184j]]
-301.2787354792612j,[[-4.10099217e-08+0.00331875j]]
-300.65041694854324j,[[-4.11785149e-08+0.00332568j]]
-300.02209841782525j,[[-4.13339048e-08+0.00333265j]]
-299.3937798871073j,[[-4.15160235e-08+0.00333964j]]
-298.7654613563893j,[[-4.1683374e-08+0.00334666j]]
-298.13714282567133j,[[-4.18629671e-08+0.00335371j]]
-297.5088242949534j,[[-4.20668669e-08+0.0033608j]]
-296.8805057642354j,[[-4.22583367e-08+0.00336791j]]
-296.2521872335175j,[[-4.24248413e-08+0.00337505j]]
-295.62386870279954j,[[-4.26108231e-08+0.00338221j]]
-294.9955501720816j,[[-4.27527384e-08+0.00338942j]]
-294.3672316413636j,[[-4.29308574e-08+0.00339665j]]
-293.7389131106457j,[[-4.31152908e-08+0.00340391j]]
-293.1105945799277j,[[-4.33332406e-08+0.00341121j]]
-292.48227604920976j,[[-4.35057941e-08+0.00341853j]]
-291.85395751849177j,[[-4.37197487e-08+0.00342589j]]
-291.2256389877738j,[[-4.39037996e-08+0.00343328j]]
-290.59732045705584j,[[-4.41060964e-08+0.00344072j]]
-289.9690019263379j,[[-4.42809621e-08+0.00344815j]]
-289.34068339562j,[[-4.44797598e-08+0.00345563j]]
-288.712364864902j,[[-4.47191996e-08+0.00346316j]]
-288.08404633418405j,[[-4.48535395e-08+0.00347071j]]
-287.45572780346606j,[[-4.50743055e-08+0.00347829j]]
-286.8274092727481j,[[-4.52606952e-08+0.00348591j]]
-286.19909074203014j,[[-4.5461489e-08+0.00349356j]]
-285.5707722113122j,[[-4.56576882e-08+0.00350123j]]
-284.9424536805942j,[[-4.58154905e-08+0.00350895j]]
-284.3141351498763j,[[-4.60264038e-08+0.0035167j]]
-283.68581661915835j,[[-4.62236406e-08+0.00352448j]]
-283.05749808844035j,[[-4.64335885e-08+0.00353231j]]
-282.4291795577224j,[[-4.66218274e-08+0.00354016j]]
-281.80086102700443j,[[-4.68694335e-08+0.00354807j]]
-281.1725424962865j,[[-4.70529021e-08+0.00355599j]]
-280.5442239655685j,[[-4.72424101e-08+0.00356395j]]
-279.9159054348506j,[[-4.75048908e-08+0.00357194j]]
-279.2875869041326j,[[-4.77170024e-08+0.00357999j]]
-278.65926837341465j,[[-4.79122666e-08+0.00358805j]]
-278.0309498426967j,[[-4.81261574e-08+0.00359615j]]
-277.4026313119787j,[[-4.83596562e-08+0.00360431j]]
-276.7743127812608j,[[-4.85909587e-08+0.00361249j]]
-276.1459942505428j,[[-4.8791341e-08+0.00362072j]]
-275.51767571982487j,[[-4.89949963e-08+0.00362897j]]
-274.8893571891069j,[[-4.92770353e-08+0.00363725j]]
-274.26103865838894j,[[-4.95057041e-08+0.00364558j]]
-273.63272012767095j,[[-4.97506511e-08+0.00365394j]]
-273.004401596953j,[[-4.99087601e-08+0.00366235j]]
-272.3760830662351j,[[-5.01680981e-08+0.00367079j]]
-271.74776453551715j,[[-5.04007819e-08+0.00367928j]]
-271.11944600479916j,[[-5.06452916e-08+0.00368782j]]
-270.49112747408117j,[[-5.08351543e-08+0.00369636j]]
-269.86280894336323j,[[-5.107239e-08+0.00370496j]]
-269.23449041264524j,[[-5.12926292e-08+0.00371361j]]
-268.6061718819273j,[[-5.15387552e-08+0.00372229j]]
-267.9778533512093j,[[-5.18049596e-08+0.00373103j]]
-267.3495348204914j,[[-5.2024989e-08+0.00373979j]]
-266.72121628977345j,[[-5.22695474e-08+0.00374859j]]
-266.0928977590555j,[[-5.25507077e-08+0.00375746j]]
-265.4645792283375j,[[-5.2828554e-08+0.00376634j]]
-264.8362606976196j,[[-5.30670096e-08+0.00377526j]]
-264.2079421669016j,[[-5.33103471e-08+0.00378424j]]
-263.5796236361836j,[[-5.35376686e-08+0.00379326j]]
-262.9513051054657j,[[-5.38363333e-08+0.00380233j]]
-262.3229865747477j,[[-5.41020795e-08+0.00381142j]]
-261.69466804402975j,[[-5.43243746e-08+0.00382055j]]
-261.0663495133118j,[[-5.45291279e-08+0.00382978j]]
-260.4380309825939j,[[-5.4868613e-08+0.00383901j]]
-259.8097124518759j,[[-5.51120134e-08+0.00384829j]]
-259.18139392115796j,[[-5.53516636e-08+0.00385761j]]
-258.55307539044j,[[-5.56653819e-08+0.00386699j]]
-257.924756859722j,[[-5.59780229e-08+0.00387639j]]
-257.29643832900405j,[[-5.61989389e-08+0.00388585j]]
-256.66811979828606j,[[-5.64668301e-08+0.00389536j]]
-256.0398012675681j,[[-5.67788357e-08+0.00390491j]]
-255.41148273685016j,[[-5.70389536e-08+0.00391452j]]
-254.78316420613223j,[[-5.7318412e-08+0.00392419j]]
-254.15484567541426j,[[-5.76825879e-08+0.00393389j]]
-253.52652714469633j,[[-5.78621408e-08+0.00394361j]]
-252.89820861397834j,[[-5.81741375e-08+0.0039534j]]
-252.2698900832604j,[[-5.84495043e-08+0.00396324j]]
-251.64157155254242j,[[-5.87376695e-08+0.00397313j]]
-251.01325302182445j,[[-5.90761979e-08+0.00398308j]]
-250.38493449110652j,[[-5.93227678e-08+0.00399307j]]
-249.75661596038853j,[[-5.96271395e-08+0.00400311j]]
-249.1282974296706j,[[-5.99460024e-08+0.00401321j]]
-248.49997889895263j,[[-6.02191018e-08+0.00402336j]]
-247.8716603682347j,[[-6.05337555e-08+0.00403355j]]
-247.2433418375167j,[[-6.08284952e-08+0.00404382j]]
-246.61502330679878j,[[-6.12072865e-08+0.00405409j]]
-245.98670477608078j,[[-6.15162616e-08+0.00406445j]]
-245.35838624536285j,[[-6.18012854e-08+0.00407485j]]
-244.7300677146449j,[[-6.21044095e-08+0.00408531j]]
-244.1017491839269j,[[-6.24183363e-08+0.00409583j]]
-243.47343065320896j,[[-6.27060577e-08+0.00410639j]]
-242.845112122491j,[[-6.30771483e-08+0.00411703j]]
-242.21679359177307j,[[-6.34562076e-08+0.00412768j]]
-241.58847506105508j,[[-6.37348982e-08+0.0041384j]]
-240.96015653033714j,[[-6.40483659e-08+0.0041492j]]
-240.33183799961915j,[[-6.44171483e-08+0.00416002j]]
-239.70351946890122j,[[-6.47122198e-08+0.00417093j]]
-239.07520093818326j,[[-6.50940711e-08+0.00418189j]]
-238.44688240746532j,[[-6.53922555e-08+0.00419292j]]
-237.81856387674733j,[[-6.5827866e-08+0.004204j]]
-237.19024534602937j,[[-6.61006498e-08+0.00421512j]]
-236.56192681531144j,[[-6.64752837e-08+0.00422631j]]
-235.93360828459345j,[[-6.67796573e-08+0.00423758j]]
-235.3052897538755j,[[-6.71729052e-08+0.00424889j]]
-234.67697122315752j,[[-6.75783952e-08+0.00426025j]]
-234.0486526924396j,[[-6.79251017e-08+0.00427167j]]
-233.42033416172163j,[[-6.83302687e-08+0.00428318j]]
-232.7920156310037j,[[-6.86002639e-08+0.00429475j]]
-232.1636971002857j,[[-6.8987462e-08+0.00430634j]]
-231.53537856956777j,[[-6.94178514e-08+0.00431802j]]
-230.9070600388498j,[[-6.98172858e-08+0.00432978j]]
-230.27874150813182j,[[-7.01696773e-08+0.00434157j]]
-229.65042297741388j,[[-7.05324062e-08+0.00435345j]]
-229.0221044466959j,[[-7.08971957e-08+0.00436539j]]
-228.39378591597796j,[[-7.13429869e-08+0.00437738j]]
-227.76546738526j,[[-7.16923676e-08+0.00438943j]]
-227.13714885454206j,[[-7.2065978e-08+0.0044016j]]
-226.50883032382407j,[[-7.25496421e-08+0.00441379j]]
-225.88051179310614j,[[-7.29151805e-08+0.00442605j]]
-225.25219326238818j,[[-7.33225141e-08+0.00443841j]]
-224.62387473167024j,[[-7.36863028e-08+0.00445081j]]
-223.99555620095225j,[[-7.41004941e-08+0.00446328j]]
-223.36723767023426j,[[-7.45888884e-08+0.00447584j]]
-222.73891913951633j,[[-7.50004505e-08+0.00448846j]]
-222.11060060879836j,[[-7.54313567e-08+0.00450116j]]
-221.48228207808043j,[[-7.58615736e-08+0.00451394j]]
-220.85396354736244j,[[-7.62945767e-08+0.00452677j]]
-220.2256450166445j,[[-7.66829654e-08+0.00453967j]]
-219.59732648592654j,[[-7.70898472e-08+0.00455263j]]
-218.9690079552086j,[[-7.75194554e-08+0.00456571j]]
-218.34068942449062j,[[-7.80222325e-08+0.00457885j]]
-217.71237089377263j,[[-7.84852073e-08+0.00459205j]]
-217.0840523630547j,[[-7.89994739e-08+0.00460533j]]
-216.45573383233673j,[[-7.94212986e-08+0.00461868j]]
-215.8274153016188j,[[-7.9763178e-08+0.00463212j]]
-215.1990967709008j,[[-8.03373221e-08+0.00464565j]]
-214.57077824018288j,[[-8.08042058e-08+0.00465924j]]
-213.9424597094649j,[[-8.12514008e-08+0.00467291j]]
-213.31414117874698j,[[-8.1734873e-08+0.00468667j]]
-212.685822648029j,[[-8.22371531e-08+0.00470048j]]
-212.05750411731105j,[[-8.2793156e-08+0.00471442j]]
-211.42918558659306j,[[-8.32169007e-08+0.0047284j]]
-210.8008670558751j,[[-8.36129521e-08+0.00474253j]]
-210.17254852515717j,[[-8.41774061e-08+0.00475669j]]
-209.54422999443918j,[[-8.47062307e-08+0.00477093j]]
-208.91591146372124j,[[-8.52195026e-08+0.00478529j]]
-208.28759293300328j,[[-8.57304392e-08+0.00479972j]]
-207.65927440228535j,[[-8.61897303e-08+0.00481424j]]
-207.03095587156736j,[[-8.6781883e-08+0.00482885j]]
-206.40263734084942j,[[-8.7310844e-08+0.0048435j]]
-205.77431881013143j,[[-8.78663829e-08+0.00485829j]]
-205.1460002794135j,[[-8.83238854e-08+0.00487315j]]
-204.51768174869554j,[[-8.89104505e-08+0.00488814j]]
-203.88936321797758j,[[-8.93976627e-08+0.00490319j]]
-203.2610446872596j,[[-8.99470809e-08+0.00491835j]]
-202.63272615654165j,[[-9.05831208e-08+0.0049336j]]
-202.00440762582372j,[[-9.10552106e-08+0.00494894j]]
-201.37608909510575j,[[-9.17080927e-08+0.00496436j]]
-200.74777056438776j,[[-9.22853008e-08+0.00497989j]]
-200.1194520336698j,[[-9.28339564e-08+0.00499552j]]
-199.49113350295187j,[[-9.35080007e-08+0.00501124j]]
-198.8628149722339j,[[-9.4002538e-08+0.00502704j]]
-198.23449644151594j,[[-9.46473952e-08+0.00504298j]]
-197.60617791079798j,[[-9.52155354e-08+0.00505902j]]
-196.97785938008002j,[[-9.58539313e-08+0.00507514j]]
-196.34954084936209j,[[-9.63898622e-08+0.00509139j]]
-195.72122231864412j,[[-9.71066158e-08+0.00510774j]]
-195.09290378792616j,[[-9.76154287e-08+0.00512416j]]
-194.4645852572082j,[[-9.8319722e-08+0.00514069j]]
-193.83626672649024j,[[-9.89948116e-08+0.00515733j]]
-193.20794819577227j,[[-9.96229848e-08+0.00517409j]]
-192.5796296650543j,[[-1.00322881e-07+0.00519091j]]
-191.95131113433635j,[[-1.00944574e-07+0.00520792j]]
-191.3229926036184j,[[-1.01588534e-07+0.00522503j]]
-190.69467407290045j,[[-1.02245009e-07+0.00524226j]]
-190.0663555421825j,[[-1.02901693e-07+0.00525955j]]
-189.43803701146453j,[[-1.03617744e-07+0.00527697j]]
-188.80971848074657j,[[-1.04402539e-07+0.00529454j]]
-188.1813999500286j,[[-1.0503765e-07+0.00531218j]]
-187.55308141931064j,[[-1.05732346e-07+0.00532997j]]
-186.92476288859268j,[[-1.06439141e-07+0.0053479j]]
-186.29644435787472j,[[-1.07166353e-07+0.00536592j]]
-185.66812582715676j,[[-1.07781394e-07+0.00538404j]]
-185.03980729643882j,[[-1.08553644e-07+0.00540231j]]
-184.41148876572086j,[[-1.09372595e-07+0.0054207j]]
-183.7831702350029j,[[-1.10121069e-07+0.0054392j]]
-183.15485170428494j,[[-1.10918169e-07+0.00545787j]]
-182.52653317356697j,[[-1.11529963e-07+0.00547665j]]
-181.89821464284904j,[[-1.12303008e-07+0.00549557j]]
-181.26989611213108j,[[-1.13159769e-07+0.0055146j]]
-180.6415775814131j,[[-1.13917436e-07+0.00553377j]]
-180.01325905069513j,[[-1.14716519e-07+0.00555311j]]
-179.3849405199772j,[[-1.15570885e-07+0.00557251j]]
-178.75662198925923j,[[-1.16362238e-07+0.0055921j]]
-178.12830345854127j,[[-1.1718666e-07+0.0056118j]]
-177.4999849278233j,[[-1.1792234e-07+0.00563162j]]
-176.87166639710534j,[[-1.18710584e-07+0.00565162j]]
-176.2433478663874j,[[-1.19660855e-07+0.00567176j]]
-175.61502933566945j,[[-1.20499607e-07+0.00569205j]]
-174.98671080495149j,[[-1.21408116e-07+0.00571243j]]
-174.35839227423352j,[[-1.22185296e-07+0.00573303j]]
-173.73007374351556j,[[-1.23147877e-07+0.00575375j]]
-173.1017552127976j,[[-1.24089386e-07+0.00577463j]]
-172.47343668207964j,[[-1.24975091e-07+0.00579562j]]
-171.84511815136167j,[[-1.25913371e-07+0.00581682j]]
-171.2167996206437j,[[-1.26804267e-07+0.00583815j]]
-170.58848108992578j,[[-1.27703069e-07+0.00585962j]]
-169.96016255920782j,[[-1.28614481e-07+0.00588128j]]
-169.33184402848985j,[[-1.2964003e-07+0.00590304j]]
-168.7035254977719j,[[-1.30617728e-07+0.00592505j]]
-168.07520696705393j,[[-1.31558004e-07+0.00594714j]]
-167.44688843633597j,[[-1.32460328e-07+0.0059695j]]
-166.818569905618j,[[-1.33527688e-07+0.00599195j]]
-166.19025137490004j,[[-1.34545521e-07+0.0060146j]]
-165.56193284418208j,[[-1.35595936e-07+0.00603737j]]
-164.93361431346415j,[[-1.36667053e-07+0.00606037j]]
-164.30529578274619j,[[-1.37615547e-07+0.00608349j]]
-163.67697725202822j,[[-1.3878304e-07+0.00610681j]]
-163.04865872131026j,[[-1.39872154e-07+0.0061303j]]
-162.4203401905923j,[[-1.40868011e-07+0.00615401j]]
-161.79202165987437j,[[-1.41916216e-07+0.00617788j]]
-161.1637031291564j,[[-1.43089634e-07+0.00620194j]]
-160.5353845984384j,[[-1.44174748e-07+0.00622622j]]
-159.90706606772045j,[[-1.45237732e-07+0.00625067j]]
-159.27874753700252j,[[-1.46473285e-07+0.00627531j]]
-158.65042900628455j,[[-1.47488957e-07+0.0063001j]]
-158.0221104755666j,[[-1.48790171e-07+0.00632514j]]
-157.39379194484863j,[[-1.49988993e-07+0.00635035j]]
-156.76547341413067j,[[-1.51158849e-07+0.00637582j]]
-156.13715488341273j,[[-1.52450336e-07+0.00640144j]]
-155.50883635269477j,[[-1.53725672e-07+0.00642729j]]
-154.8805178219768j,[[-1.54972854e-07+0.0064533j]]
-154.25219929125885j,[[-1.56150916e-07+0.00647959j]]
-153.62388076054089j,[[-1.57421587e-07+0.00650604j]]
-152.99556222982292j,[[-1.58639058e-07+0.00653269j]]
-152.36724369910496j,[[-1.59901248e-07+0.00655957j]]
-151.738925168387j,[[-1.61285899e-07+0.00658673j]]
-151.11060663766904j,[[-1.62606668e-07+0.00661412j]]
-150.4822881069511j,[[-1.64169163e-07+0.00664171j]]
-149.85396957623314j,[[-1.65481609e-07+0.00666954j]]
-149.22565104551518j,[[-1.66798891e-07+0.00669759j]]
-148.59733251479722j,[[-1.68212075e-07+0.00672586j]]
-147.96901398407925j,[[-1.69644321e-07+0.00675442j]]
-147.3406954533613j,[[-1.71042352e-07+0.0067832j]]
-146.71237692264333j,[[-1.72561873e-07+0.0068122j]]
-146.08405839192537j,[[-1.7401642e-07+0.00684144j]]
-145.4557398612074j,[[-1.75621992e-07+0.00687096j]]
-144.82742133048947j,[[-1.77031584e-07+0.00690072j]]
-144.1991027997715j,[[-1.78567963e-07+0.00693078j]]
-143.57078426905355j,[[-1.79948581e-07+0.00696104j]]
-142.94246573833559j,[[-1.81679097e-07+0.00699164j]]
-142.31414720761762j,[[-1.83152451e-07+0.0070225j]]
-141.6858286768997j,[[-1.84887233e-07+0.00705356j]]
-141.05751014618173j,[[-1.86554403e-07+0.00708497j]]
-140.42919161546374j,[[-1.88055138e-07+0.00711665j]]
-139.80087308474577j,[[-1.8996056e-07+0.00714861j]]
-139.17255455402784j,[[-1.91575421e-07+0.00718087j]]
-138.54423602330988j,[[-1.9343864e-07+0.00721341j]]
-137.91591749259192j,[[-1.95212686e-07+0.00724619j]]
-137.28759896187395j,[[-1.97062015e-07+0.00727927j]]
-136.659280431156j,[[-1.98719288e-07+0.00731269j]]
-136.03096190043806j,[[-2.00435405e-07+0.00734637j]]
-135.4026433697201j,[[-2.02402224e-07+0.00738047j]]
-134.77432483900213j,[[-2.04377499e-07+0.00741481j]]
-134.14600630828417j,[[-2.06174155e-07+0.00744952j]]
-133.5176877775662j,[[-2.08285797e-07+0.00748451j]]
-132.88936924684825j,[[-2.10084997e-07+0.00751989j]]
-132.26105071613028j,[[-2.1215183e-07+0.00755556j]]
-131.63273218541232j,[[-2.14184382e-07+0.00759157j]]
-131.00441365469436j,[[-2.16035519e-07+0.00762789j]]
-130.37609512397643j,[[-2.18201894e-07+0.00766459j]]
-129.74777659325846j,[[-2.20284627e-07+0.00770175j]]
-129.1194580625405j,[[-2.22462135e-07+0.00773914j]]
-128.49113953182254j,[[-2.2470526e-07+0.00777688j]]
-127.86282100110459j,[[-2.26839326e-07+0.00781507j]]
-127.23450247038662j,[[-2.29449411e-07+0.00785363j]]
-126.60618393966865j,[[-2.31683802e-07+0.00789252j]]
-125.97786540895069j,[[-2.33776444e-07+0.00793185j]]
-125.34954687823274j,[[-2.35833464e-07+0.00797153j]]
-124.72122834751478j,[[-2.38677952e-07+0.00801166j]]
-124.09290981679683j,[[-2.41007138e-07+0.00805211j]]
-123.46459128607887j,[[-2.4337773e-07+0.00809298j]]
-122.83627275536091j,[[-2.45722022e-07+0.00813427j]]
-122.20795422464296j,[[-2.48294952e-07+0.00817614j]]
-121.579635693925j,[[-2.50981812e-07+0.00821827j]]
-120.95131716320705j,[[-2.53420447e-07+0.00826088j]]
-120.32299863248906j,[[-2.56105957e-07+0.00830402j]]
-119.69468010177111j,[[-2.58883591e-07+0.00834753j]]
-119.06636157105315j,[[-2.61758234e-07+0.00839148j]]
-118.4380430403352j,[[-2.64329415e-07+0.00843583j]]
-117.80972450961724j,[[-2.66954904e-07+0.00848081j]]
-117.18140597889928j,[[-2.69621038e-07+0.00852626j]]
-116.55308744818133j,[[-2.72702588e-07+0.0085721j]]
-115.92476891746337j,[[-2.75604867e-07+0.0086185j]]
-115.29645038674542j,[[-2.78866801e-07+0.00866534j]]
-114.66813185602746j,[[-2.81890647e-07+0.00871277j]]
-114.0398133253095j,[[-2.84921565e-07+0.00876061j]]
-113.41149479459152j,[[-2.88225947e-07+0.00880908j]]
-112.78317626387357j,[[-2.91392627e-07+0.00885808j]]
-112.15485773315561j,[[-2.95054689e-07+0.00890764j]]
-111.52653920243765j,[[-2.9784359e-07+0.00895765j]]
-110.8982206717197j,[[-3.01031344e-07+0.00900838j]]
-110.26990214100174j,[[-3.04605063e-07+0.00905969j]]
-109.64158361028379j,[[-3.08088033e-07+0.00911145j]]
-109.01326507956583j,[[-3.11673326e-07+0.00916369j]]
-108.38494654884786j,[[-3.15404677e-07+0.00921681j]]
-107.75662801812992j,[[-3.1907517e-07+0.00927042j]]
-107.12830948741194j,[[-3.22589901e-07+0.00932465j]]
-106.49999095669398j,[[-3.26471619e-07+0.0093797j]]
-105.87167242597602j,[[-3.30349511e-07+0.00943515j]]
-105.24335389525807j,[[-3.34637379e-07+0.00949136j]]
-104.6150353645401j,[[-3.3886888e-07+0.00954831j]]
-103.98671683382216j,[[-3.42528285e-07+0.00960582j]]
-103.3583983031042j,[[-3.4682938e-07+0.00966396j]]
-102.73007977238623j,[[-3.5104322e-07+0.00972298j]]
-102.10176124166827j,[[-3.55349952e-07+0.00978261j]]
-101.47344271095031j,[[-3.59624662e-07+0.00984308j]]
-100.84512418023236j,[[-3.64271766e-07+0.00990432j]]
-100.2168056495144j,[[-3.6841893e-07+0.00996619j]]
-99.58848711879645j,[[-3.73124572e-07+0.01002892j]]
-98.96016858807849j,[[-3.77645087e-07+0.01009242j]]
-98.33185005736053j,[[-3.82401261e-07+0.01015685j]]
-97.70353152664256j,[[-3.8731452e-07+0.01022198j]]
-97.0752129959246j,[[-3.9239622e-07+0.01028795j]]
-96.44689446520665j,[[-3.97330349e-07+0.01035489j]]
-95.81857593448869j,[[-4.03172697e-07+0.01042254j]]
-95.19025740377073j,[[-4.08123442e-07+0.01049108j]]
-94.56193887305277j,[[-4.13422687e-07+0.01056066j]]
-93.93362034233482j,[[-4.1943454e-07+0.01063115j]]
-93.30530181161686j,[[-4.24883069e-07+0.0107026j]]
-92.6769832808989j,[[-4.30413671e-07+0.01077487j]]
-92.04866475018093j,[[-4.36652647e-07+0.01084823j]]
-91.42034621946297j,[[-4.4237352e-07+0.01092263j]]
-90.79202768874502j,[[-4.48370361e-07+0.01099793j]]
-90.16370915802706j,[[-4.54293629e-07+0.01107434j]]
-89.53539062730911j,[[-4.6087054e-07+0.01115182j]]
-88.90707209659115j,[[-4.67584444e-07+0.01123043j]]
-88.27875356587319j,[[-4.73805455e-07+0.01131005j]]
-87.65043503515523j,[[-4.80715453e-07+0.01139086j]]
-87.02211650443726j,[[-4.88403952e-07+0.01147302j]]
-86.39379797371932j,[[-4.94840959e-07+0.011556j]]
-85.76547944300135j,[[-5.01821959e-07+0.01164041j]]
-85.13716091228339j,[[-5.09623986e-07+0.0117261j]]
-84.50884238156543j,[[-5.16990986e-07+0.01181297j]]
-83.88052385084748j,[[-5.25089197e-07+0.0119012j]]
-83.25220532012952j,[[-5.32706851e-07+0.01199052j]]
-82.62388678941156j,[[-5.40290547e-07+0.01208137j]]
-81.9955682586936j,[[-5.4888224e-07+0.01217368j]]
-81.36724972797563j,[[-5.56591523e-07+0.01226721j]]
-80.73893119725768j,[[-5.65608417e-07+0.01236233j]]
-80.11061266653972j,[[-5.74394488e-07+0.01245897j]]
-79.48229413582177j,[[-5.83633056e-07+0.012557j]]
-78.85397560510381j,[[-5.9300368e-07+0.01265683j]]
-78.22565707438585j,[[-6.02039357e-07+0.01275809j]]
-77.59733854366789j,[[-6.11652589e-07+0.01286093j]]
-76.96902001294993j,[[-6.21766224e-07+0.0129656j]]
-76.34070148223198j,[[-6.32150809e-07+0.01307178j]]
-75.71238295151402j,[[-6.42556114e-07+0.01317968j]]
-75.08406442079605j,[[-6.53144193e-07+0.01328975j]]
-74.45574589007809j,[[-6.63883047e-07+0.01340141j]]
-73.82742735936014j,[[-6.75302939e-07+0.01351476j]]
-73.19910882864218j,[[-6.86969844e-07+0.01363041j]]
-72.57079029792422j,[[-6.98930647e-07+0.01374784j]]
-71.94247176720626j,[[-7.10565446e-07+0.01386732j]]
-71.3141532364883j,[[-7.22918845e-07+0.01398893j]]
-70.68583470577035j,[[-7.36036335e-07+0.01411274j]]
-70.05751617505238j,[[-7.49128301e-07+0.01423869j]]
-69.42919764433444j,[[-7.62385944e-07+0.01436678j]]
-68.80087911361647j,[[-7.76209579e-07+0.0144974j]]
-68.17256058289851j,[[-7.90686459e-07+0.01463042j]]
-67.54424205218055j,[[-8.05713543e-07+0.01476585j]]
-66.91592352146259j,[[-8.20814841e-07+0.01490389j]]
-66.28760499074464j,[[-8.35619605e-07+0.01504436j]]
-65.65928646002668j,[[-8.51181981e-07+0.01518733j]]
-65.03096792930872j,[[-8.67579995e-07+0.01533322j]]
-64.40264939859075j,[[-8.84987393e-07+0.01548169j]]
-63.7743308678728j,[[-9.02302068e-07+0.01563333j]]
-63.14601233715484j,[[-9.19324384e-07+0.01578825j]]
-62.51769380643689j,[[-9.37625624e-07+0.01594561j]]
-61.88937527571892j,[[-9.56724689e-07+0.01610678j]]
-61.261056745000964j,[[-9.76279146e-07+0.01627062j]]
-60.63273821428301j,[[-9.95296733e-07+0.01643814j]]
-60.00441968356505j,[[-1.0160833e-06+0.01660907j]]
-59.37610115284709j,[[-1.03817358e-06+0.01678382j]]
-58.74778262212914j,[[-1.06032252e-06+0.01696234j]]
-58.11946409141117j,[[-1.08137243e-06+0.0171441j]]
-57.49114556069321j,[[-1.10518255e-06+0.01733016j]]
-56.86282702997526j,[[-1.12941354e-06+0.01752013j]]
-56.2345084992573j,[[-1.15274692e-06+0.01771466j]]
-55.60618996853934j,[[-1.17930073e-06+0.01791314j]]
-54.97787143782138j,[[-1.20598597e-06+0.01811636j]]
-54.349552907103416j,[[-1.23363052e-06+0.01832362j]]
-53.72123437638546j,[[-1.26125612e-06+0.01853632j]]
-53.092915845667505j,[[-1.2917747e-06+0.01875416j]]
-52.46459731494955j,[[-1.32193909e-06+0.01897673j]]
-51.83627878423158j,[[-1.35395743e-06+0.01920502j]]
-51.207960253513626j,[[-1.38655609e-06+0.01943829j]]
-50.57964172279567j,[[-1.41986703e-06+0.01967707j]]
-49.95132319207771j,[[-1.45446724e-06+0.0199224j]]
-49.32300466135975j,[[-1.49046163e-06+0.02017393j]]
-48.69468613064179j,[[-1.52804363e-06+0.02043171j]]
-48.06636759992384j,[[-1.56794751e-06+0.02069616j]]
-47.438049069205874j,[[-1.60918459e-06+0.0209679j]]
-46.80973053848792j,[[-1.65209695e-06+0.0212462j]]
-46.181412007769964j,[[-1.69587159e-06+0.02153166j]]
-45.553093477052j,[[-1.74171292e-06+0.0218255j]]
-44.92477494633404j,[[-1.78810584e-06+0.02212735j]]
-44.29645641561608j,[[-1.83525275e-06+0.02243682j]]
-43.66813788489812j,[[-1.88800581e-06+0.02275538j]]
-43.03981935418017j,[[-1.94333722e-06+0.02308357j]]
-42.411500823462205j,[[-1.9986466e-06+0.023421j]]
-41.78318229274425j,[[-2.05828521e-06+0.023769j]]
-41.154863762026295j,[[-2.1197489e-06+0.02412675j]]
-40.52654523130833j,[[-2.18350536e-06+0.02449518j]]
-39.89822670059037j,[[-2.24774366e-06+0.02487549j]]
-39.26990816987241j,[[-2.31778784e-06+0.02526714j]]
-38.64158963915445j,[[-2.39039811e-06+0.02567164j]]
-38.0132711084365j,[[-2.46795068e-06+0.02608984j]]
-37.384952577718536j,[[-2.54677677e-06+0.02652042j]]
-36.75663404700058j,[[-2.63402723e-06+0.02696646j]]
-36.128315516282626j,[[-2.72270942e-06+0.02742702j]]
-35.499996985564664j,[[-2.81414652e-06+0.02790388j]]
-34.8716784548467j,[[-2.91008135e-06+0.02839697j]]
-34.24335992412874j,[[-3.01173646e-06+0.02890669j]]
-33.615041393410785j,[[-3.12104684e-06+0.0294358j]]
-32.98672286269283j,[[-3.23446407e-06+0.02998506j]]
-32.35840433197487j,[[-3.35091137e-06+0.03055425j]]
-31.730085801256912j,[[-3.47916729e-06+0.03114645j]]
-31.101767270538954j,[[-3.6122832e-06+0.03176043j]]
-30.47344873982099j,[[-3.74901092e-06+0.03239924j]]
-29.845130209103036j,[[-3.90263895e-06+0.03306445j]]
-29.216811678385074j,[[-4.05940612e-06+0.03375591j]]
-28.588493147667116j,[[-4.22686639e-06+0.0344777j]]
-27.96017461694916j,[[-4.40565282e-06+0.0352297j]]
-27.3318560862312j,[[-4.59327506e-06+0.03601521j]]
-26.703537555513243j,[[-4.7932907e-06+0.03683571j]]
-26.075219024795285j,[[-5.00593394e-06+0.03769492j]]
-25.446900494077322j,[[-5.23782538e-06+0.03859288j]]
-24.818581963359367j,[[-5.47808805e-06+0.03953448j]]
-24.19026343264141j,[[-5.73278895e-06+0.04052166j]]
-23.561944901923447j,[[-6.0155578e-06+0.04156226j]]
-22.933626371205488j,[[-6.31249255e-06+0.04265392j]]
-22.305307840487533j,[[-6.63379078e-06+0.04380264j]]
-21.676989309769574j,[[-6.97734419e-06+0.04501442j]]
-21.048670779051612j,[[-7.34371694e-06+0.04629283j]]
-20.420352248333653j,[[-7.74435464e-06+0.04764674j]]
-19.7920337176157j,[[-8.1729311e-06+0.04907995j]]
-19.16371518689774j,[[-8.64097803e-06+0.0505963j]]
-18.535396656179778j,[[-9.15080479e-06+0.05220768j]]
-17.90707812546182j,[[-9.68682072e-06+0.05392446j]]
-17.278759594743864j,[[-1.02795515e-05+0.05575263j]]
-16.650441064025905j,[[-1.0925044e-05+0.05770341j]]
-16.022122533307943j,[[-1.16234806e-05+0.0597977j]]
-15.393804002589984j,[[-1.23996081e-05+0.06203783j]]
-14.76548547187203j,[[-1.3243724e-05+0.06445085j]]
-14.137166941154069j,[[-1.41542343e-05+0.06705014j]]
-13.50884841043611j,[[-1.51762164e-05+0.06985576j]]
-12.88052987971815j,[[-1.62679372e-05+0.07289583j]]
-12.252211349000193j,[[-1.74764962e-05+0.07619731j]]
-11.623892818282235j,[[-1.88122976e-05+0.0798012j]]
-10.995574287564276j,[[-2.02776532e-05+0.08373621j]]
-10.367255756846317j,[[-2.18700512e-05+0.08805772j]]
-9.738937226128359j,[[-2.36305166e-05+0.09283262j]]
-9.1106186954104j,[[-2.55800653e-05+0.0981233j]]
-8.482300164692441j,[[-2.76760343e-05+0.10399912j]]
-7.853981633974483j,[[-2.99578276e-05+0.11058641j]]
-7.225663103256524j,[[-3.24340081e-05+0.11800195j]]
-6.5973445725385655j,[[-3.51070912e-05+0.12639616j]]
-5.969026041820607j,[[-3.78591224e-05+0.13600771j]]
-5.340707511102648j,[[-4.06966154e-05+0.14710753j]]
-4.71238898038469j,[[-4.34834058e-05+0.16004531j]]
-4.084070449666731j,[[-4.63958379e-05+0.17544177j]]
-3.455751918948772j,[[-4.91151908e-05+0.19404035j]]
-2.827433388230814j,[[-5.17097287e-05+0.21724788j]]
-2.199114857512855j,[[-5.49231709e-05+0.24752424j]]
-1.5707963267948966j,[[-6.11147705e-05+0.2899827j]]
-0.9424777960769379j,[[-8.07366468e-05+0.35899016j]]
-0.3141592653589793j,[[-0.00019013+0.52739881j]]
0.3141592653589793j,[[-0.00019013-0.52739881j]]
0.9424777960769379j,[[-8.07366468e-05-0.35899016j]]
1.5707963267948966j,[[-6.11147705e-05-0.2899827j]]
2.199114857512855j,[[-5.49231709e-05-0.24752424j]]
2.827433388230814j,[[-5.17097287e-05-0.21724788j]]
3.455751918948772j,[[-4.91151908e-05-0.19404035j]]
4.084070449666731j,[[-4.63958379e-05-0.17544177j]]
4.71238898038469j,[[-4.34834058e-05-0.16004531j]]
5.340707511102648j,[[-4.06966154e-05-0.14710753j]]
5.969026041820607j,[[-3.78591224e-05-0.13600771j]]
6.5973445725385655j,[[-3.51070912e-05-0.12639616j]]
7.225663103256524j,[[-3.24340081e-05-0.11800195j]]
7.853981633974483j,[[-2.99578276e-05-0.11058641j]]
8.482300164692441j,[[-2.76760343e-05-0.10399912j]]
9.1106186954104j,[[-2.55800653e-05-0.0981233j]]
9.738937226128359j,[[-2.36305166e-05-0.09283262j]]
10.367255756846317j,[[-2.18700512e-05-0.08805772j]]
10.995574287564276j,[[-2.02776532e-05-0.08373621j]]
11.623892818282235j,[[-1.88122976e-05-0.0798012j]]
12.252211349000193j,[[-1.74764962e-05-0.07619731j]]
12.88052987971815j,[[-1.62679372e-05-0.07289583j]]
13.50884841043611j,[[-1.51762164e-05-0.06985576j]]
14.137166941154069j,[[-1.41542343e-05-0.06705014j]]
14.76548547187203j,[[-1.3243724e-05-0.06445085j]]
15.393804002589984j,[[-1.23996081e-05-0.06203783j]]
16.022122533307943j,[[-1.16234806e-05-0.0597977j]]
16.650441064025905j,[[-1.0925044e-05-0.05770341j]]
17.278759594743864j,[[-1.02795515e-05-0.05575263j]]
17.90707812546182j,[[-9.68682072e-06-0.05392446j]]
18.535396656179778j,[[-9.15080479e-06-0.05220768j]]
19.16371518689774j,[[-8.64097803e-06-0.0505963j]]
19.7920337176157j,[[-8.1729311e-06-0.04907995j]]
20.420352248333653j,[[-7.74435464e-06-0.04764674j]]
21.048670779051612j,[[-7.34371694e-06-0.04629283j]]
21.676989309769574j,[[-6.97734419e-06-0.04501442j]]
22.305307840487533j,[[-6.63379078e-06-0.04380264j]]
22.933626371205488j,[[-6.31249255e-06-0.04265392j]]
23.561944901923447j,[[-6.0155578e-06-0.04156226j]]
24.19026343264141j,[[-5.73278895e-06-0.04052166j]]
24.818581963359367j,[[-5.47808805e-06-0.03953448j]]
25.446900494077322j,[[-5.23782538e-06-0.03859288j]]
26.075219024795285j,[[-5.00593394e-06-0.03769492j]]
26.703537555513243j,[[-4.7932907e-06-0.03683571j]]
27.3318560862312j,[[-4.59327506e-06-0.03601521j]]
27.96017461694916j,[[-4.40565282e-06-0.0352297j]]
28.588493147667116j,[[-4.22686639e-06-0.0344777j]]
29.216811678385074j,[[-4.05940612e-06-0.03375591j]]
29.845130209103036j,[[-3.90263895e-06-0.03306445j]]
30.47344873982099j,[[-3.74901092e-06-0.03239924j]]
31.101767270538954j,[[-3.6122832e-06-0.03176043j]]
31.730085801256912j,[[-3.47916729e-06-0.03114645j]]
32.35840433197487j,[[-3.35091137e-06-0.03055425j]]
32.98672286269283j,[[-3.23446407e-06-0.02998506j]]
33.615041393410785j,[[-3.12104684e-06-0.0294358j]]
34.24335992412874j,[[-3.01173646e-06-0.02890669j]]
34.8716784548467j,[[-2.91008135e-06-0.02839697j]]
35.499996985564664j,[[-2.81414652e-06-0.02790388j]]
36.128315516282626j,[[-2.72270942e-06-0.02742702j]]
36.75663404700058j,[[-2.63402723e-06-0.02696646j]]
37.384952577718536j,[[-2.54677677e-06-0.02652042j]]
38.0132711084365j,[[-2.46795068e-06-0.02608984j]]
38.64158963915445j,[[-2.39039811e-06-0.02567164j]]
39.26990816987241j,[[-2.31778784e-06-0.02526714j]]
39.89822670059037j,[[-2.24774366e-06-0.02487549j]]
40.52654523130833j,[[-2.18350536e-06-0.02449518j]]
41.154863762026295j,[[-2.1197489e-06-0.02412675j]]
41.78318229274425j,[[-2.05828521e-06-0.023769j]]
42.411500823462205j,[[-1.9986466e-06-0.023421j]]
43.03981935418017j,[[-1.94333722e-06-0.02308357j]]
43.66813788489812j,[[-1.88800581e-06-0.02275538j]]
44.29645641561608j,[[-1.83525275e-06-0.02243682j]]
44.92477494633404j,[[-1.78810584e-06-0.02212735j]]
45.553093477052j,[[-1.74171292e-06-0.0218255j]]
46.181412007769964j,[[-1.69587159e-06-0.02153166j]]
46.80973053848792j,[[-1.65209695e-06-0.0212462j]]
47.438049069205874j,[[-1.60918459e-06-0.0209679j]]
48.06636759992384j,[[-1.56794751e-06-0.02069616j]]
48.69468613064179j,[[-1.52804363e-06-0.02043171j]]
49.32300466135975j,[[-1.49046163e-06-0.02017393j]]
49.95132319207771j,[[-1.45446724e-06-0.0199224j]]
50.57964172279567j,[[-1.41986703e-06-0.01967707j]]
51.207960253513626j,[[-1.38655609e-06-0.01943829j]]
51.83627878423158j,[[-1.35395743e-06-0.01920502j]]
52.46459731494955j,[[-1.32193909e-06-0.01897673j]]
53.092915845667505j,[[-1.2917747e-06-0.01875416j]]
53.72123437638546j,[[-1.26125612e-06-0.01853632j]]
54.349552907103416j,[[-1.23363052e-06-0.01832362j]]
54.97787143782138j,[[-1.20598597e-06-0.01811636j]]
55.60618996853934j,[[-1.17930073e-06-0.01791314j]]
56.2345084992573j,[[-1.15274692e-06-0.01771466j]]
56.86282702997526j,[[-1.12941354e-06-0.01752013j]]
57.49114556069321j,[[-1.10518255e-06-0.01733016j]]
58.11946409141117j,[[-1.08137243e-06-0.0171441j]]
58.74778262212914j,[[-1.06032252e-06-0.01696234j]]
59.37610115284709j,[[-1.03817358e-06-0.01678382j]]
60.00441968356505j,[[-1.0160833e-06-0.01660907j]]
60.63273821428301j,[[-9.95296733e-07-0.01643814j]]
61.261056745000964j,[[-9.76279146e-07-0.01627062j]]
61.88937527571892j,[[-9.56724689e-07-0.01610678j]]
62.51769380643689j,[[-9.37625624e-07-0.01594561j]]
63.14601233715484j,[[-9.19324384e-07-0.01578825j]]
63.7743308678728j,[[-9.02302068e-07-0.01563333j]]
64.40264939859075j,[[-8.84987393e-07-0.01548169j]]
65.03096792930872j,[[-8.67579995e-07-0.01533322j]]
65.65928646002668j,[[-8.51181981e-07-0.01518733j]]
66.28760499074464j,[[-8.35619605e-07-0.01504436j]]
66.91592352146259j,[[-8.20814841e-07-0.01490389j]]
67.54424205218055j,[[-8.05713543e-07-0.01476585j]]
68.17256058289851j,[[-7.90686459e-07-0.01463042j]]
68.80087911361647j,[[-7.76209579e-07-0.0144974j]]
69.42919764433444j,[[-7.62385944e-07-0.01436678j]]
70.05751617505238j,[[-7.49128301e-07-0.01423869j]]
70.68583470577035j,[[-7.36036335e-07-0.01411274j]]
71.3141532364883j,[[-7.22918845e-07-0.01398893j]]
71.94247176720626j,[[-7.10565446e-07-0.01386732j]]
72.57079029792422j,[[-6.98930647e-07-0.01374784j]]
73.19910882864218j,[[-6.86969844e-07-0.01363041j]]
73.82742735936014j,[[-6.75302939e-07-0.01351476j]]
74.45574589007809j,[[-6.63883047e-07-0.01340141j]]
75.08406442079605j,[[-6.53144193e-07-0.01328975j]]
75.71238295151402j,[[-6.42556114e-07-0.01317968j]]
76.34070148223198j,[[-6.32150809e-07-0.01307178j]]
76.96902001294993j,[[-6.21766224e-07-0.0129656j]]
77.59733854366789j,[[-6.11652589e-07-0.01286093j]]
78.22565707438585j,[[-6.02039357e-07-0.01275809j]]
78.85397560510381j,[[-5.9300368e-07-0.01265683j]]
79.48229413582177j,[[-5.83633056e-07-0.012557j]]
80.11061266653972j,[[-5.74394488e-07-0.01245897j]]
80.73893119725768j,[[-5.65608417e-07-0.01236233j]]
81.36724972797563j,[[-5.56591523e-07-0.01226721j]]
81.9955682586936j,[[-5.4888224e-07-0.01217368j]]
82.62388678941156j,[[-5.40290547e-07-0.01208137j]]
83.25220532012952j,[[-5.32706851e-07-0.01199052j]]
83.88052385084748j,[[-5.25089197e-07-0.0119012j]]
84.50884238156543j,[[-5.16990986e-07-0.01181297j]]
85.13716091228339j,[[-5.09623986e-07-0.0117261j]]
85.76547944300135j,[[-5.01821959e-07-0.01164041j]]
86.39379797371932j,[[-4.94840959e-07-0.011556j]]
87.02211650443726j,[[-4.88403952e-07-0.01147302j]]
87.65043503515523j,[[-4.80715453e-07-0.01139086j]]
88.27875356587319j,[[-4.73805455e-07-0.01131005j]]
88.90707209659115j,[[-4.67584444e-07-0.01123043j]]
89.53539062730911j,[[-4.6087054e-07-0.01115182j]]
90.16370915802706j,[[-4.54293629e-07-0.01107434j]]
90.79202768874502j,[[-4.48370361e-07-0.01099793j]]
91.42034621946297j,[[-4.4237352e-07-0.01092263j]]
92.04866475018093j,[[-4.36652647e-07-0.01084823j]]
92.6769832808989j,[[-4.30413671e-07-0.01077487j]]
93.30530181161686j,[[-4.24883069e-07-0.0107026j]]
93.93362034233482j,[[-4.1943454e-07-0.01063115j]]
94.56193887305277j,[[-4.13422687e-07-0.01056066j]]
95.19025740377073j,[[-4.08123442e-07-0.01049108j]]
95.81857593448869j,[[-4.03172697e-07-0.01042254j]]
96.44689446520665j,[[-3.97330349e-07-0.01035489j]]
97.0752129959246j,[[-3.9239622e-07-0.01028795j]]
97.70353152664256j,[[-3.8731452e-07-0.01022198j]]
98.33185005736053j,[[-3.82401261e-07-0.01015685j]]
98.96016858807849j,[[-3.77645087e-07-0.01009242j]]
99.58848711879645j,[[-3.73124572e-07-0.01002892j]]
100.2168056495144j,[[-3.6841893e-07-0.00996619j]]
100.84512418023236j,[[-3.64271766e-07-0.00990432j]]
101.47344271095031j,[[-3.59624662e-07-0.00984308j]]
102.10176124166827j,[[-3.55349952e-07-0.00978261j]]
102.73007977238623j,[[-3.5104322e-07-0.00972298j]]
103.3583983031042j,[[-3.4682938e-07-0.00966396j]]
103.98671683382216j,[[-3.42528285e-07-0.00960582j]]
104.6150353645401j,[[-3.3886888e-07-0.00954831j]]
105.24335389525807j,[[-3.34637379e-07-0.00949136j]]
105.87167242597602j,[[-3.30349511e-07-0.00943515j]]
106.49999095669398j,[[-3.26471619e-07-0.0093797j]]
107.12830948741194j,[[-3.22589901e-07-0.00932465j]]
107.75662801812992j,[[-3.1907517e-07-0.00927042j]]
108.38494654884786j,[[-3.15404677e-07-0.00921681j]]
109.01326507956583j,[[-3.11673326e-07-0.00916369j]]
109.64158361028379j,[[-3.08088033e-07-0.00911145j]]
110.26990214100174j,[[-3.04605063e-07-0.00905969j]]
110.8982206717197j,[[-3.01031344e-07-0.00900838j]]
111.52653920243765j,[[-2.9784359e-07-0.00895765j]]
112.15485773315561j,[[-2.95054689e-07-0.00890764j]]
112.78317626387357j,[[-2.91392627e-07-0.00885808j]]
113.41149479459152j,[[-2.88225947e-07-0.00880908j]]
114.0398133253095j,[[-2.84921565e-07-0.00876061j]]
114.66813185602746j,[[-2.81890647e-07-0.00871277j]]
115.29645038674542j,[[-2.78866801e-07-0.00866534j]]
115.92476891746337j,[[-2.75604867e-07-0.0086185j]]
116.55308744818133j,[[-2.72702588e-07-0.0085721j]]
117.18140597889928j,[[-2.69621038e-07-0.00852626j]]
117.80972450961724j,[[-2.66954904e-07-0.00848081j]]
118.4380430403352j,[[-2.64329415e-07-0.00843583j]]
119.06636157105315j,[[-2.61758234e-07-0.00839148j]]
119.69468010177111j,[[-2.58883591e-07-0.00834753j]]
120.32299863248906j,[[-2.56105957e-07-0.00830402j]]
120.95131716320705j,[[-2.53420447e-07-0.00826088j]]
121.579635693925j,[[-2.50981812e-07-0.00821827j]]
122.20795422464296j,[[-2.48294952e-07-0.00817614j]]
122.83627275536091j,[[-2.45722022e-07-0.00813427j]]
123.46459128607887j,[[-2.4337773e-07-0.00809298j]]
124.09290981679683j,[[-2.41007138e-07-0.00805211j]]
124.72122834751478j,[[-2.38677952e-07-0.00801166j]]
125.34954687823274j,[[-2.35833464e-07-0.00797153j]]
125.97786540895069j,[[-2.33776444e-07-0.00793185j]]
126.60618393966865j,[[-2.31683802e-07-0.00789252j]]
127.23450247038662j,[[-2.29449411e-07-0.00785363j]]
127.86282100110459j,[[-2.26839326e-07-0.00781507j]]
128.49113953182254j,[[-2.2470526e-07-0.00777688j]]
129.1194580625405j,[[-2.22462135e-07-0.00773914j]]
129.74777659325846j,[[-2.20284627e-07-0.00770175j]]
130.37609512397643j,[[-2.18201894e-07-0.00766459j]]
131.00441365469436j,[[-2.16035519e-07-0.00762789j]]
131.63273218541232j,[[-2.14184382e-07-0.00759157j]]
132.26105071613028j,[[-2.1215183e-07-0.00755556j]]
132.88936924684825j,[[-2.10084997e-07-0.00751989j]]
133.5176877775662j,[[-2.08285797e-07-0.00748451j]]
134.14600630828417j,[[-2.06174155e-07-0.00744952j]]
134.77432483900213j,[[-2.04377499e-07-0.00741481j]]
135.4026433697201j,[[-2.02402224e-07-0.00738047j]]
136.03096190043806j,[[-2.00435405e-07-0.00734637j]]
136.659280431156j,[[-1.98719288e-07-0.00731269j]]
137.28759896187395j,[[-1.97062015e-07-0.00727927j]]
137.91591749259192j,[[-1.95212686e-07-0.00724619j]]
138.54423602330988j,[[-1.9343864e-07-0.00721341j]]
139.17255455402784j,[[-1.91575421e-07-0.00718087j]]
139.80087308474577j,[[-1.8996056e-07-0.00714861j]]
140.42919161546374j,[[-1.88055138e-07-0.00711665j]]
141.05751014618173j,[[-1.86554403e-07-0.00708497j]]
141.6858286768997j,[[-1.84887233e-07-0.00705356j]]
142.31414720761762j,[[-1.83152451e-07-0.0070225j]]
142.94246573833559j,[[-1.81679097e-07-0.00699164j]]
143.57078426905355j,[[-1.79948581e-07-0.00696104j]]
144.1991027997715j,[[-1.78567963e-07-0.00693078j]]
144.82742133048947j,[[-1.77031584e-07-0.00690072j]]
145.4557398612074j,[[-1.75621992e-07-0.00687096j]]
146.08405839192537j,[[-1.7401642e-07-0.00684144j]]
146.71237692264333j,[[-1.72561873e-07-0.0068122j]]
147.3406954533613j,[[-1.71042352e-07-0.0067832j]]
147.96901398407925j,[[-1.69644321e-07-0.00675442j]]
148.59733251479722j,[[-1.68212075e-07-0.00672586j]]
149.22565104551518j,[[-1.66798891e-07-0.00669759j]]
149.85396957623314j,[[-1.65481609e-07-0.00666954j]]
150.4822881069511j,[[-1.64169163e-07-0.00664171j]]
151.11060663766904j,[[-1.62606668e-07-0.00661412j]]
151.738925168387j,[[-1.61285899e-07-0.00658673j]]
152.36724369910496j,[[-1.59901248e-07-0.00655957j]]
152.99556222982292j,[[-1.58639058e-07-0.00653269j]]
153.62388076054089j,[[-1.57421587e-07-0.00650604j]]
154.25219929125885j,[[-1.56150916e-07-0.00647959j]]
154.8805178219768j,[[-1.54972854e-07-0.0064533j]]
155.50883635269477j,[[-1.53725672e-07-0.00642729j]]
156.13715488341273j,[[-1.52450336e-07-0.00640144j]]
156.76547341413067j,[[-1.51158849e-07-0.00637582j]]
157.39379194484863j,[[-1.49988993e-07-0.00635035j]]
158.0221104755666j,[[-1.48790171e-07-0.00632514j]]
158.65042900628455j,[[-1.47488957e-07-0.0063001j]]
159.27874753700252j,[[-1.46473285e-07-0.00627531j]]
159.90706606772045j,[[-1.45237732e-07-0.00625067j]]
160.5353845984384j,[[-1.44174748e-07-0.00622622j]]
161.1637031291564j,[[-1.43089634e-07-0.00620194j]]
161.79202165987437j,[[-1.41916216e-07-0.00617788j]]
162.4203401905923j,[[-1.40868011e-07-0.00615401j]]
163.04865872131026j,[[-1.39872154e-07-0.0061303j]]
163.67697725202822j,[[-1.3878304e-07-0.00610681j]]
164.30529578274619j,[[-1.37615547e-07-0.00608349j]]
164.93361431346415j,[[-1.36667053e-07-0.00606037j]]
165.56193284418208j,[[-1.35595936e-07-0.00603737j]]
166.19025137490004j,[[-1.34545521e-07-0.0060146j]]
166.818569905618j,[[-1.33527688e-07-0.00599195j]]
167.44688843633597j,[[-1.32460328e-07-0.0059695j]]
168.07520696705393j,[[-1.31558004e-07-0.00594714j]]
168.7035254977719j,[[-1.30617728e-07-0.00592505j]]
169.33184402848985j,[[-1.2964003e-07-0.00590304j]]
169.96016255920782j,[[-1.28614481e-07-0.00588128j]]
170.58848108992578j,[[-1.27703069e-07-0.00585962j]]
171.2167996206437j,[[-1.26804267e-07-0.00583815j]]
171.84511815136167j,[[-1.25913371e-07-0.00581682j]]
172.47343668207964j,[[-1.24975091e-07-0.00579562j]]
173.1017552127976j,[[-1.24089386e-07-0.00577463j]]
173.73007374351556j,[[-1.23147877e-07-0.00575375j]]
174.35839227423352j,[[-1.22185296e-07-0.00573303j]]
174.98671080495149j,[[-1.21408116e-07-0.00571243j]]
175.61502933566945j,[[-1.20499607e-07-0.00569205j]]
176.2433478663874j,[[-1.19660855e-07-0.00567176j]]
176.87166639710534j,[[-1.18710584e-07-0.00565162j]]
177.4999849278233j,[[-1.1792234e-07-0.00563162j]]
178.12830345854127j,[[-1.1718666e-07-0.0056118j]]
178.75662198925923j,[[-1.16362238e-07-0.0055921j]]
179.3849405199772j,[[-1.15570885e-07-0.00557251j]]
180.01325905069513j,[[-1.14716519e-07-0.00555311j]]
180.6415775814131j,[[-1.13917436e-07-0.00553377j]]
181.26989611213108j,[[-1.13159769e-07-0.0055146j]]
181.89821464284904j,[[-1.12303008e-07-0.00549557j]]
182.52653317356697j,[[-1.11529963e-07-0.00547665j]]
183.15485170428494j,[[-1.10918169e-07-0.00545787j]]
183.7831702350029j,[[-1.10121069e-07-0.0054392j]]
184.41148876572086j,[[-1.09372595e-07-0.0054207j]]
185.03980729643882j,[[-1.08553644e-07-0.00540231j]]
185.66812582715676j,[[-1.07781394e-07-0.00538404j]]
186.29644435787472j,[[-1.07166353e-07-0.00536592j]]
186.92476288859268j,[[-1.06439141e-07-0.0053479j]]
187.55308141931064j,[[-1.05732346e-07-0.00532997j]]
188.1813999500286j,[[-1.0503765e-07-0.00531218j]]
188.80971848074657j,[[-1.04402539e-07-0.00529454j]]
189.43803701146453j,[[-1.03617744e-07-0.00527697j]]
190.0663555421825j,[[-1.02901693e-07-0.00525955j]]
190.69467407290045j,[[-1.02245009e-07-0.00524226j]]
191.3229926036184j,[[-1.01588534e-07-0.00522503j]]
191.95131113433635j,[[-1.00944574e-07-0.00520792j]]
192.5796296650543j,[[-1.00322881e-07-0.00519091j]]
193.20794819577227j,[[-9.96229848e-08-0.00517409j]]
193.83626672649024j,[[-9.89948116e-08-0.00515733j]]
194.4645852572082j,[[-9.8319722e-08-0.00514069j]]
195.09290378792616j,[[-9.76154287e-08-0.00512416j]]
195.72122231864412j,[[-9.71066158e-08-0.00510774j]]
196.34954084936209j,[[-9.63898622e-08-0.00509139j]]
196.97785938008002j,[[-9.58539313e-08-0.00507514j]]
197.60617791079798j,[[-9.52155354e-08-0.00505902j]]
198.23449644151594j,[[-9.46473952e-08-0.00504298j]]
198.8628149722339j,[[-9.4002538e-08-0.00502704j]]
199.49113350295187j,[[-9.35080007e-08-0.00501124j]]
200.1194520336698j,[[-9.28339564e-08-0.00499552j]]
200.74777056438776j,[[-9.22853008e-08-0.00497989j]]
201.37608909510575j,[[-9.17080927e-08-0.00496436j]]
202.00440762582372j,[[-9.10552106e-08-0.00494894j]]
202.63272615654165j,[[-9.05831208e-08-0.0049336j]]
203.2610446872596j,[[-8.99470809e-08-0.00491835j]]
203.88936321797758j,[[-8.93976627e-08-0.00490319j]]
204.51768174869554j,[[-8.89104505e-08-0.00488814j]]
205.1460002794135j,[[-8.83238854e-08-0.00487315j]]
205.77431881013143j,[[-8.78663829e-08-0.00485829j]]
206.40263734084942j,[[-8.7310844e-08-0.0048435j]]
207.03095587156736j,[[-8.6781883e-08-0.00482885j]]
207.65927440228535j,[[-8.61897303e-08-0.00481424j]]
208.28759293300328j,[[-8.57304392e-08-0.00479972j]]
208.91591146372124j,[[-8.52195026e-08-0.00478529j]]
209.54422999443918j,[[-8.47062307e-08-0.00477093j]]
210.17254852515717j,[[-8.41774061e-08-0.00475669j]]
210.8008670558751j,[[-8.36129521e-08-0.00474253j]]
211.42918558659306j,[[-8.32169007e-08-0.0047284j]]
212.05750411731105j,[[-8.2793156e-08-0.00471442j]]
212.685822648029j,[[-8.22371531e-08-0.00470048j]]
213.31414117874698j,[[-8.1734873e-08-0.00468667j]]
213.9424597094649j,[[-8.12514008e-08-0.00467291j]]
214.57077824018288j,[[-8.08042058e-08-0.00465924j]]
215.1990967709008j,[[-8.03373221e-08-0.00464565j]]
215.8274153016188j,[[-7.9763178e-08-0.00463212j]]
216.45573383233673j,[[-7.94212986e-08-0.00461868j]]
217.0840523630547j,[[-7.89994739e-08-0.00460533j]]
217.71237089377263j,[[-7.84852073e-08-0.00459205j]]
218.34068942449062j,[[-7.80222325e-08-0.00457885j]]
218.9690079552086j,[[-7.75194554e-08-0.00456571j]]
219.59732648592654j,[[-7.70898472e-08-0.00455263j]]
220.2256450166445j,[[-7.66829654e-08-0.00453967j]]
220.85396354736244j,[[-7.62945767e-08-0.00452677j]]
221.48228207808043j,[[-7.58615736e-08-0.00451394j]]
222.11060060879836j,[[-7.54313567e-08-0.00450116j]]
222.73891913951633j,[[-7.50004505e-08-0.00448846j]]
223.36723767023426j,[[-7.45888884e-08-0.00447584j]]
223.99555620095225j,[[-7.41004941e-08-0.00446328j]]
224.62387473167024j,[[-7.36863028e-08-0.00445081j]]
225.25219326238818j,[[-7.33225141e-08-0.00443841j]]
225.88051179310614j,[[-7.29151805e-08-0.00442605j]]
226.50883032382407j,[[-7.25496421e-08-0.00441379j]]
227.13714885454206j,[[-7.2065978e-08-0.0044016j]]
227.76546738526j,[[-7.16923676e-08-0.00438943j]]
228.39378591597796j,[[-7.13429869e-08-0.00437738j]]
229.0221044466959j,[[-7.08971957e-08-0.00436539j]]
229.65042297741388j,[[-7.05324062e-08-0.00435345j]]
230.27874150813182j,[[-7.01696773e-08-0.00434157j]]
230.9070600388498j,[[-6.98172858e-08-0.00432978j]]
231.53537856956777j,[[-6.94178514e-08-0.00431802j]]
232.1636971002857j,[[-6.8987462e-08-0.00430634j]]
232.7920156310037j,[[-6.86002639e-08-0.00429475j]]
233.42033416172163j,[[-6.83302687e-08-0.00428318j]]
234.0486526924396j,[[-6.79251017e-08-0.00427167j]]
234.67697122315752j,[[-6.75783952e-08-0.00426025j]]
235.3052897538755j,[[-6.71729052e-08-0.00424889j]]
235.93360828459345j,[[-6.67796573e-08-0.00423758j]]
236.56192681531144j,[[-6.64752837e-08-0.00422631j]]
237.19024534602937j,[[-6.61006498e-08-0.00421512j]]
237.81856387674733j,[[-6.5827866e-08-0.004204j]]
238.44688240746532j,[[-6.53922555e-08-0.00419292j]]
239.07520093818326j,[[-6.50940711e-08-0.00418189j]]
239.70351946890122j,[[-6.47122198e-08-0.00417093j]]
240.33183799961915j,[[-6.44171483e-08-0.00416002j]]
240.96015653033714j,[[-6.40483659e-08-0.0041492j]]
241.58847506105508j,[[-6.37348982e-08-0.0041384j]]
242.21679359177307j,[[-6.34562076e-08-0.00412768j]]
242.845112122491j,[[-6.30771483e-08-0.00411703j]]
243.47343065320896j,[[-6.27060577e-08-0.00410639j]]
244.1017491839269j,[[-6.24183363e-08-0.00409583j]]
244.7300677146449j,[[-6.21044095e-08-0.00408531j]]
245.35838624536285j,[[-6.18012854e-08-0.00407485j]]
245.98670477608078j,[[-6.15162616e-08-0.00406445j]]
246.61502330679878j,[[-6.12072865e-08-0.00405409j]]
247.2433418375167j,[[-6.08284952e-08-0.00404382j]]
247.8716603682347j,[[-6.05337555e-08-0.00403355j]]
248.49997889895263j,[[-6.02191018e-08-0.00402336j]]
249.1282974296706j,[[-5.99460024e-08-0.00401321j]]
249.75661596038853j,[[-5.96271395e-08-0.00400311j]]
250.38493449110652j,[[-5.93227678e-08-0.00399307j]]
251.01325302182445j,[[-5.90761979e-08-0.00398308j]]
251.64157155254242j,[[-5.87376695e-08-0.00397313j]]
252.2698900832604j,[[-5.84495043e-08-0.00396324j]]
252.89820861397834j,[[-5.81741375e-08-0.0039534j]]
253.52652714469633j,[[-5.78621408e-08-0.00394361j]]
254.15484567541426j,[[-5.76825879e-08-0.00393389j]]
254.78316420613223j,[[-5.7318412e-08-0.00392419j]]
255.41148273685016j,[[-5.70389536e-08-0.00391452j]]
256.0398012675681j,[[-5.67788357e-08-0.00390491j]]
256.66811979828606j,[[-5.64668301e-08-0.00389536j]]
257.29643832900405j,[[-5.61989389e-08-0.00388585j]]
257.924756859722j,[[-5.59780229e-08-0.00387639j]]
258.55307539044j,[[-5.56653819e-08-0.00386699j]]
259.18139392115796j,[[-5.53516636e-08-0.00385761j]]
259.8097124518759j,[[-5.51120134e-08-0.00384829j]]
260.4380309825939j,[[-5.4868613e-08-0.00383901j]]
261.0663495133118j,[[-5.45291279e-08-0.00382978j]]
261.69466804402975j,[[-5.43243746e-08-0.00382055j]]
262.3229865747477j,[[-5.41020795e-08-0.00381142j]]
262.9513051054657j,[[-5.38363333e-08-0.00380233j]]
263.5796236361836j,[[-5.35376686e-08-0.00379326j]]
264.2079421669016j,[[-5.33103471e-08-0.00378424j]]
264.8362606976196j,[[-5.30670096e-08-0.00377526j]]
265.4645792283375j,[[-5.2828554e-08-0.00376634j]]
266.0928977590555j,[[-5.25507077e-08-0.00375746j]]
266.72121628977345j,[[-5.22695474e-08-0.00374859j]]
267.3495348204914j,[[-5.2024989e-08-0.00373979j]]
267.9778533512093j,[[-5.18049596e-08-0.00373103j]]
268.6061718819273j,[[-5.15387552e-08-0.00372229j]]
269.23449041264524j,[[-5.12926292e-08-0.00371361j]]
269.86280894336323j,[[-5.107239e-08-0.00370496j]]
270.49112747408117j,[[-5.08351543e-08-0.00369636j]]
271.11944600479916j,[[-5.06452916e-08-0.00368782j]]
271.74776453551715j,[[-5.04007819e-08-0.00367928j]]
272.3760830662351j,[[-5.01680981e-08-0.00367079j]]
273.004401596953j,[[-4.99087601e-08-0.00366235j]]
273.63272012767095j,[[-4.97506511e-08-0.00365394j]]
274.26103865838894j,[[-4.95057041e-08-0.00364558j]]
274.8893571891069j,[[-4.92770353e-08-0.00363725j]]
275.51767571982487j,[[-4.89949963e-08-0.00362897j]]
276.1459942505428j,[[-4.8791341e-08-0.00362072j]]
276.7743127812608j,[[-4.85909587e-08-0.00361249j]]
277.4026313119787j,[[-4.83596562e-08-0.00360431j]]
278.0309498426967j,[[-4.81261574e-08-0.00359615j]]
278.65926837341465j,[[-4.79122666e-08-0.00358805j]]
279.2875869041326j,[[-4.77170024e-08-0.00357999j]]
279.9159054348506j,[[-4.75048908e-08-0.00357194j]]
280.5442239655685j,[[-4.72424101e-08-0.00356395j]]
281.1725424962865j,[[-4.70529021e-08-0.00355599j]]
281.80086102700443j,[[-4.68694335e-08-0.00354807j]]
282.4291795577224j,[[-4.66218274e-08-0.00354016j]]
283.05749808844035j,[[-4.64335885e-08-0.00353231j]]
283.68581661915835j,[[-4.62236406e-08-0.00352448j]]
284.3141351498763j,[[-4.60264038e-08-0.0035167j]]
284.9424536805942j,[[-4.58154905e-08-0.00350895j]]
285.5707722113122j,[[-4.56576882e-08-0.00350123j]]
286.19909074203014j,[[-4.5461489e-08-0.00349356j]]
286.8274092727481j,[[-4.52606952e-08-0.00348591j]]
287.45572780346606j,[[-4.50743055e-08-0.00347829j]]
288.08404633418405j,[[-4.48535395e-08-0.00347071j]]
288.712364864902j,[[-4.47191996e-08-0.00346316j]]
289.34068339562j,[[-4.44797598e-08-0.00345563j]]
289.9690019263379j,[[-4.42809621e-08-0.00344815j]]
290.59732045705584j,[[-4.41060964e-08-0.00344072j]]
291.2256389877738j,[[-4.39037996e-08-0.00343328j]]
291.85395751849177j,[[-4.37197487e-08-0.00342589j]]
292.48227604920976j,[[-4.35057941e-08-0.00341853j]]
293.1105945799277j,[[-4.33332406e-08-0.00341121j]]
293.7389131106457j,[[-4.31152908e-08-0.00340391j]]
294.3672316413636j,[[-4.29308574e-08-0.00339665j]]
294.9955501720816j,[[-4.27527384e-08-0.00338942j]]
295.62386870279954j,[[-4.26108231e-08-0.00338221j]]
296.2521872335175j,[[-4.24248413e-08-0.00337505j]]
296.8805057642354j,[[-4.22583367e-08-0.00336791j]]
297.5088242949534j,[[-4.20668669e-08-0.0033608j]]
298.13714282567133j,[[-4.18629671e-08-0.00335371j]]
298.7654613563893j,[[-4.1683374e-08-0.00334666j]]
299.3937798871073j,[[-4.15160235e-08-0.00333964j]]
300.02209841782525j,[[-4.13339048e-08-0.00333265j]]
300.65041694854324j,[[-4.11785149e-08-0.00332568j]]
301.2787354792612j,[[-4.10099217e-08-0.00331875j]]
301.9070540099791j,[[-4.0826682e-08-0.00331184j]]
302.53537254069704j,[[-4.06489089e-08-0.00330496j]]
303.16369107141503j,[[-4.05086714e-08-0.00329811j]]
303.79200960213296j,[[-4.03230127e-08-0.0032913j]]
304.42032813285095j,[[-4.01772143e-08-0.0032845j]]
305.04864666356895j,[[-4.00054658e-08-0.00327774j]]
305.6769651942869j,[[-3.98348786e-08-0.00327101j]]
306.30528372500487j,[[-3.96776982e-08-0.0032643j]]
306.9336022557228j,[[-3.95011508e-08-0.00325763j]]
307.56192078644074j,[[-3.93408996e-08-0.00325096j]]
308.19023931715867j,[[-3.91728866e-08-0.00324433j]]
308.81855784787666j,[[-3.9014544e-08-0.00323773j]]
309.4468763785946j,[[-3.88703709e-08-0.00323116j]]
310.0751949093126j,[[-3.86865395e-08-0.00322461j]]
310.7035134400305j,[[-3.85791092e-08-0.00321809j]]
311.3318319707485j,[[-3.84207171e-08-0.00321161j]]
311.9601505014665j,[[-3.82362882e-08-0.00320513j]]
312.58846903218443j,[[-3.81258574e-08-0.00319871j]]
313.21678756290237j,[[-3.79617988e-08-0.00319228j]]
313.8451060936203j,[[-3.77905748e-08-0.00318588j]]
314.4734246243383j,[[-3.76421999e-08-0.00317952j]]
315.1017431550562j,[[-3.75293949e-08-0.00317319j]]
315.7300616857742j,[[-3.73580779e-08-0.00316688j]]
316.35838021649215j,[[-3.72594921e-08-0.00316059j]]
316.98669874721014j,[[-3.70799427e-08-0.00315434j]]
317.6150172779281j,[[-3.69084804e-08-0.0031481j]]
318.24333580864607j,[[-3.67744549e-08-0.00314189j]]
318.871654339364j,[[-3.66117465e-08-0.00313569j]]
319.49997287008193j,[[-3.64639393e-08-0.00312953j]]
320.1282914007999j,[[-3.63182376e-08-0.00312339j]]
320.75660993151786j,[[-3.61802462e-08-0.00311726j]]
321.38492846223585j,[[-3.60371938e-08-0.00311117j]]
322.0132469929538j,[[-3.58822692e-08-0.00310509j]]
322.6415655236718j,[[-3.57360213e-08-0.00309905j]]
323.2698840543897j,[[-3.56366921e-08-0.00309303j]]
323.8982025851077j,[[-3.54913309e-08-0.00308704j]]
324.52652111582563j,[[-3.53479189e-08-0.00308107j]]
325.15483964654356j,[[-3.52015338e-08-0.0030751j]]
325.78315817726156j,[[-3.50986458e-08-0.00306918j]]
326.4114767079795j,[[-3.49388835e-08-0.00306328j]]
327.0397952386975j,[[-3.47884484e-08-0.00305739j]]
327.6681137694154j,[[-3.46679005e-08-0.00305153j]]
328.2964323001334j,[[-3.45370576e-08-0.00304568j]]
328.92475083085134j,[[-3.44174272e-08-0.00303986j]]
329.5530693615693j,[[-3.42776266e-08-0.00303408j]]
330.18138789228726j,[[-3.41148275e-08-0.00302832j]]
330.8097064230052j,[[-3.39994765e-08-0.00302255j]]
331.43802495372313j,[[-3.3897437e-08-0.00301684j]]
332.0663434844411j,[[-3.37571478e-08-0.00301112j]]
332.6946620151591j,[[-3.36229164e-08-0.00300544j]]
333.32298054587704j,[[-3.35091644e-08-0.00299978j]]
333.95129907659503j,[[-3.33857212e-08-0.00299413j]]
334.57961760731297j,[[-3.32368823e-08-0.00298851j]]
335.20793613803096j,[[-3.31182696e-08-0.00298291j]]
335.8362546687489j,[[-3.30150988e-08-0.00297731j]]
336.4645731994668j,[[-3.29041418e-08-0.00297176j]]
337.09289173018476j,[[-3.27772109e-08-0.00296623j]]
337.72121026090275j,[[-3.26522643e-08-0.00296072j]]
338.3495287916207j,[[-3.25057109e-08-0.00295522j]]
338.9778473223387j,[[-3.2371255e-08-0.00294975j]]
339.60616585305667j,[[-3.22703701e-08-0.00294428j]]
340.2344843837746j,[[-3.21536167e-08-0.00293885j]]
340.8628029144926j,[[-3.19988095e-08-0.00293343j]]
341.4911214452105j,[[-3.18985858e-08-0.00292804j]]
342.11943997592846j,[[-3.1782388e-08-0.00292265j]]
342.7477585066464j,[[-3.16823142e-08-0.00291728j]]
343.3760770373644j,[[-3.15796844e-08-0.00291196j]]
344.0043955680823j,[[-3.14698273e-08-0.00290664j]]
344.6327140988003j,[[-3.13542134e-08-0.00290134j]]
345.2610326295183j,[[-3.12107997e-08-0.00289606j]]
345.88935116023623j,[[-3.11013685e-08-0.00289081j]]
346.5176696909542j,[[-3.09783022e-08-0.00288556j]]
347.14598822167216j,[[-3.08885543e-08-0.00288034j]]
347.7743067523901j,[[-3.07863463e-08-0.00287514j]]
348.402625283108j,[[-3.06829699e-08-0.00286996j]]
349.030943813826j,[[-3.05814983e-08-0.00286479j]]
349.65926234454395j,[[-3.0467988e-08-0.00285964j]]
350.28758087526194j,[[-3.03536651e-08-0.00285451j]]
350.91589940597987j,[[-3.02313327e-08-0.00284941j]]
351.54421793669786j,[[-3.01200517e-08-0.00284431j]]
352.17253646741585j,[[-3.00284473e-08-0.00283924j]]
352.8008549981338j,[[-2.99274809e-08-0.00283419j]]
353.4291735288517j,[[-2.9816656e-08-0.00282915j]]
354.05749205956965j,[[-2.96852219e-08-0.00282412j]]
354.68581059028764j,[[-2.95660722e-08-0.00281912j]]
355.3141291210056j,[[-2.95141404e-08-0.00281414j]]
355.94244765172357j,[[-2.93795556e-08-0.00280918j]]
356.5707661824415j,[[-2.9294423e-08-0.00280424j]]
357.1990847131595j,[[-2.91781749e-08-0.00279931j]]
357.8274032438774j,[[-2.90812334e-08-0.00279439j]]
358.4557217745954j,[[-2.8963226e-08-0.00278948j]]
359.08404030531335j,[[-2.88546878e-08-0.0027846j]]
359.7123588360313j,[[-2.8773347e-08-0.00277973j]]
360.3406773667493j,[[-2.86771979e-08-0.00277489j]]
360.9689958974672j,[[-2.85712257e-08-0.00277006j]]
361.5973144281852j,[[-2.84888856e-08-0.00276525j]]
362.22563295890313j,[[-2.83843174e-08-0.00276047j]]
362.8539514896211j,[[-2.82742588e-08-0.00275568j]]
363.48227002033906j,[[-2.81950678e-08-0.00275091j]]
364.11058855105705j,[[-2.81181493e-08-0.00274617j]]
364.738907081775j,[[-2.80057328e-08-0.00274144j]]
365.3672256124929j,[[-2.7911283e-08-0.00273674j]]
365.9955441432109j,[[-2.78043159e-08-0.00273202j]]
366.62386267392884j,[[-2.76925345e-08-0.00272734j]]
367.25218120464683j,[[-2.76022712e-08-0.00272269j]]
367.88049973536477j,[[-2.74842045e-08-0.00271803j]]
368.50881826608276j,[[-2.74373828e-08-0.0027134j]]
369.1371367968007j,[[-2.73257555e-08-0.00270879j]]
369.7654553275187j,[[-2.72318903e-08-0.00270418j]]
370.3937738582366j,[[-2.71272923e-08-0.00269959j]]
371.02209238895455j,[[-2.70508674e-08-0.00269502j]]
371.6504109196725j,[[-2.6941098e-08-0.00269046j]]
372.2787294503905j,[[-2.68633813e-08-0.00268592j]]
372.90704798110846j,[[-2.67685392e-08-0.0026814j]]
373.5353665118264j,[[-2.66859483e-08-0.00267689j]]
374.1636850425444j,[[-2.6577797e-08-0.00267239j]]
374.7920035732623j,[[-2.6508633e-08-0.00266791j]]
375.4203221039803j,[[-2.64210043e-08-0.00266346j]]
376.04864063469824j,[[-2.63444577e-08-0.00265901j]]
376.6769591654162j,[[-2.62333851e-08-0.00265457j]]
377.3052776961341j,[[-2.61836849e-08-0.00265014j]]
377.9335962268521j,[[-2.60839384e-08-0.00264574j]]
378.56191475757004j,[[-2.60194263e-08-0.00264136j]]
379.190233288288j,[[-2.59087046e-08-0.00263698j]]
379.818551819006j,[[-2.58157563e-08-0.00263262j]]
380.44687034972395j,[[-2.57208503e-08-0.00262827j]]
381.07518888044194j,[[-2.56503708e-08-0.00262394j]]
381.7035074111599j,[[-2.5565075e-08-0.00261963j]]
382.3318259418778j,[[-2.54984605e-08-0.00261531j]]
382.96014447259574j,[[-2.53955186e-08-0.00261103j]]
383.58846300331373j,[[-2.53123425e-08-0.00260676j]]
384.21678153403167j,[[-2.52414532e-08-0.0026025j]]
384.84510006474966j,[[-2.51442788e-08-0.00259825j]]
385.47341859546765j,[[-2.50496355e-08-0.00259401j]]
386.1017371261856j,[[-2.49434832e-08-0.00258979j]]
386.7300556569036j,[[-2.48740454e-08-0.00258558j]]
387.3583741876215j,[[-2.480116e-08-0.00258139j]]
387.98669271833944j,[[-2.47339823e-08-0.0025772j]]
388.6150112490574j,[[-2.46547094e-08-0.00257304j]]
389.24332977977537j,[[-2.45738995e-08-0.00256888j]]
389.8716483104933j,[[-2.45277954e-08-0.00256475j]]
390.4999668412113j,[[-2.4423205e-08-0.00256062j]]
391.1282853719292j,[[-2.43372881e-08-0.00255651j]]
391.7566039026472j,[[-2.42475646e-08-0.0025524j]]
392.3849224333652j,[[-2.4165138e-08-0.00254832j]]
393.01324096408314j,[[-2.40954589e-08-0.00254425j]]
393.6415594948011j,[[-2.40260318e-08-0.00254019j]]
394.269878025519j,[[-2.39665771e-08-0.00253614j]]
394.898196556237j,[[-2.38970103e-08-0.00253212j]]
395.52651508695493j,[[-2.37871673e-08-0.00252809j]]
396.1548336176729j,[[-2.37349666e-08-0.00252408j]]
396.78315214839085j,[[-2.3668456e-08-0.00252008j]]
397.41147067910885j,[[-2.35955503e-08-0.0025161j]]
398.0397892098268j,[[-2.34995758e-08-0.00251213j]]
398.66810774054477j,[[-2.34181903e-08-0.00250817j]]
399.2964262712627j,[[-2.33730477e-08-0.00250422j]]
399.92474480198064j,[[-2.32938091e-08-0.00250029j]]
400.5530633326986j,[[-2.32234022e-08-0.00249637j]]
401.18138186341656j,[[-2.31237333e-08-0.00249246j]]
401.80970039413455j,[[-2.30477731e-08-0.00248856j]]
402.4380189248525j,[[-2.29736343e-08-0.00248467j]]
403.0663374555705j,[[-2.29039043e-08-0.0024808j]]
403.6946559862884j,[[-2.28328443e-08-0.00247694j]]
404.3229745170064j,[[-2.2776441e-08-0.00247309j]]
404.95129304772433j,[[-2.27021709e-08-0.00246925j]]
405.57961157844227j,[[-2.2622155e-08-0.00246543j]]
406.20793010916026j,[[-2.25711558e-08-0.00246162j]]
406.8362486398782j,[[-2.24980725e-08-0.00245782j]]
407.4645671705962j,[[-2.2423679e-08-0.00245402j]]
408.0928857013141j,[[-2.23430363e-08-0.00245025j]]
408.7212042320321j,[[-2.22820601e-08-0.00244648j]]
409.34952276275004j,[[-2.2245634e-08-0.00244272j]]
409.97784129346803j,[[-2.21515305e-08-0.00243898j]]
410.60615982418597j,[[-2.20816795e-08-0.00243525j]]
411.2344783549039j,[[-2.20048348e-08-0.00243153j]]
411.8627968856219j,[[-2.19627256e-08-0.00242783j]]
412.4911154163398j,[[-2.18773651e-08-0.00242413j]]
413.11943394705776j,[[-2.18195795e-08-0.00242044j]]
413.7477524777758j,[[-2.17648606e-08-0.00241676j]]
414.37607100849374j,[[-2.16978563e-08-0.0024131j]]
415.0043895392117j,[[-2.16389516e-08-0.00240945j]]
415.6327080699296j,[[-2.15728097e-08-0.00240581j]]
416.2610266006476j,[[-2.14684458e-08-0.00240217j]]
416.88934513136553j,[[-2.14321178e-08-0.00239855j]]
417.51766366208346j,[[-2.13556914e-08-0.00239495j]]
418.1459821928014j,[[-2.12943566e-08-0.00239135j]]
418.77430072351945j,[[-2.12305403e-08-0.00238775j]]
419.4026192542374j,[[-2.11709977e-08-0.00238418j]]
420.0309377849553j,[[-2.11073222e-08-0.00238062j]]
420.65925631567336j,[[-2.10605017e-08-0.00237706j]]
421.2875748463913j,[[-2.09575587e-08-0.00237352j]]
421.9158933771092j,[[-2.09156601e-08-0.00236998j]]
422.54421190782716j,[[-2.08555693e-08-0.00236646j]]
423.17253043854515j,[[-2.08115837e-08-0.00236295j]]
423.8008489692631j,[[-2.07558248e-08-0.00235944j]]
424.429167499981j,[[-2.06866842e-08-0.00235596j]]
425.05748603069895j,[[-2.06131132e-08-0.00235247j]]
425.685804561417j,[[-2.05497864e-08-0.002349j]]
426.31412309213493j,[[-2.04910085e-08-0.00234554j]]
426.94244162285287j,[[-2.04247991e-08-0.00234209j]]
427.57076015357086j,[[-2.03672967e-08-0.00233864j]]
428.1990786842888j,[[-2.02997039e-08-0.00233521j]]
428.8273972150067j,[[-2.02582118e-08-0.00233179j]]
429.45571574572466j,[[-2.01900632e-08-0.00232838j]]
430.0840342764427j,[[-2.01347174e-08-0.00232498j]]
430.71235280716064j,[[-2.00800698e-08-0.00232158j]]
431.3406713378786j,[[-2.00292473e-08-0.00231821j]]
431.9689898685965j,[[-1.9968134e-08-0.00231484j]]
432.59730839931456j,[[-1.99045712e-08-0.00231147j]]
433.2256269300325j,[[-1.98334776e-08-0.00230812j]]
433.8539454607504j,[[-1.97810121e-08-0.00230478j]]
434.4822639914684j,[[-1.97317265e-08-0.00230145j]]
435.11058252218635j,[[-1.96693173e-08-0.00229812j]]
435.7389010529043j,[[-1.96084529e-08-0.00229481j]]
436.3672195836222j,[[-1.95578987e-08-0.00229151j]]
436.99553811434026j,[[-1.95147109e-08-0.00228821j]]
437.6238566450582j,[[-1.94615273e-08-0.00228493j]]
438.25217517577613j,[[-1.94018909e-08-0.00228165j]]
438.88049370649406j,[[-1.93427618e-08-0.00227838j]]
439.50881223721206j,[[-1.92762862e-08-0.00227513j]]
440.13713076793j,[[-1.92059199e-08-0.00227188j]]
440.7654492986479j,[[-1.9164844e-08-0.00226864j]]
441.39376782936597j,[[-1.91199863e-08-0.00226541j]]
442.0220863600839j,[[-1.90582898e-08-0.00226219j]]
442.65040489080184j,[[-1.90069306e-08-0.00225898j]]
443.27872342151977j,[[-1.89401946e-08-0.00225578j]]
443.9070419522378j,[[-1.88947459e-08-0.00225259j]]
444.53536048295575j,[[-1.88555761e-08-0.00224941j]]
445.1636790136737j,[[-1.87954898e-08-0.00224623j]]
445.7919975443917j,[[-1.87529138e-08-0.00224307j]]
446.4203160751096j,[[-1.86859436e-08-0.00223991j]]
447.04863460582754j,[[-1.86217545e-08-0.00223676j]]
447.6769531365455j,[[-1.85944426e-08-0.00223362j]]
448.3052716672635j,[[-1.85428941e-08-0.00223049j]]
448.93359019798146j,[[-1.84819569e-08-0.00222737j]]
449.5619087286994j,[[-1.8440345e-08-0.00222426j]]
450.1902272594173j,[[-1.83745097e-08-0.00222115j]]
450.8185457901353j,[[-1.83218121e-08-0.00221806j]]
451.44686432085325j,[[-1.82747588e-08-0.00221497j]]
452.0751828515712j,[[-1.82197553e-08-0.0022119j]]
452.70350138228923j,[[-1.81722413e-08-0.00220882j]]
453.33181991300717j,[[-1.81273091e-08-0.00220576j]]
453.9601384437251j,[[-1.80749752e-08-0.00220271j]]
454.58845697444303j,[[-1.80181024e-08-0.00219967j]]
455.2167755051611j,[[-1.79695905e-08-0.00219663j]]
455.845094035879j,[[-1.7928297e-08-0.0021936j]]
456.47341256659695j,[[-1.78737193e-08-0.00219058j]]
457.1017310973149j,[[-1.78346098e-08-0.00218757j]]
457.7300496280329j,[[-1.7767283e-08-0.00218457j]]
458.3583681587508j,[[-1.77270447e-08-0.00218157j]]
458.98668668946874j,[[-1.768023e-08-0.00217859j]]
459.6150052201868j,[[-1.7629316e-08-0.00217561j]]
460.2433237509047j,[[-1.75801227e-08-0.00217265j]]
460.87164228162266j,[[-1.75520135e-08-0.00216968j]]
461.4999608123406j,[[-1.74703623e-08-0.00216673j]]
462.1282793430586j,[[-1.74423597e-08-0.00216378j]]
462.7565978737765j,[[-1.73916265e-08-0.00216084j]]
463.38491640449445j,[[-1.73547526e-08-0.00215792j]]
464.0132349352124j,[[-1.72971035e-08-0.002155j]]
464.64155346593043j,[[-1.72572702e-08-0.00215208j]]
465.26987199664836j,[[-1.72067591e-08-0.00214918j]]
465.8981905273663j,[[-1.71583805e-08-0.00214628j]]
466.52650905808434j,[[-1.71210904e-08-0.00214339j]]
467.1548275888023j,[[-1.70505218e-08-0.00214051j]]
467.7831461195202j,[[-1.70126639e-08-0.00213763j]]
468.41146465023814j,[[-1.69735306e-08-0.00213476j]]
469.03978318095614j,[[-1.69315097e-08-0.0021319j]]
469.66810171167407j,[[-1.68785421e-08-0.00212905j]]
470.296420242392j,[[-1.6833613e-08-0.00212621j]]
470.92473877310994j,[[-1.67801495e-08-0.00212337j]]
